-5.000000e+00 -4.275508e+13 nan
-4.500000e+00 -6.001960e-02 -6.001960e-02
-4.000000e+00 2.672193e+14 nan
-3.500000e+00 2.700882e-01 2.700882e-01
-3.000000e+00 -1.425169e+15 nan
-2.500000e+00 -9.453087e-01 -9.453087e-01
-2.000000e+00 6.413263e+15 nan
-1.500000e+00 2.363272e+00 2.363272e+00
-1.000000e+00 -2.565305e+16 nan
-5.000000e-01 -3.544908e+00 -3.544908e+00
0.000000e+00 inf inf
5.000000e-01 1.772454e+00 1.772454e+00
1.000000e+00 1.000000e+00 1.000000e+00
1.500000e+00 8.862269e-01 8.862269e-01
2.000000e+00 1.000000e+00 1.000000e+00
2.500000e+00 1.329340e+00 1.329340e+00
3.000000e+00 2.000000e+00 2.000000e+00
3.500000e+00 3.323351e+00 3.323351e+00
4.000000e+00 6.000000e+00 6.000000e+00
4.500000e+00 1.163173e+01 1.163173e+01
5.000000e+00 2.400000e+01 2.400000e+01


-5.000000e+00 -4.275508e+13 nan
-4.990000e+00 -8.478047e-01 -8.478047e-01
-4.980000e+00 -4.313978e-01 -4.313978e-01
-4.970000e+00 -2.927749e-01 -2.927749e-01
-4.960000e+00 -2.236030e-01 -2.236030e-01
-4.950000e+00 -1.822155e-01 -1.822155e-01
-4.940000e+00 -1.547239e-01 -1.547239e-01
-4.930000e+00 -1.351762e-01 -1.351762e-01
-4.920000e+00 -1.205963e-01 -1.205963e-01
-4.910000e+00 -1.093311e-01 -1.093311e-01
-4.900000e+00 -1.003889e-01 -1.003889e-01
-4.890000e+00 -9.313877e-02 -9.313877e-02
-4.880000e+00 -8.716008e-02 -8.716008e-02
-4.870000e+00 -8.216184e-02 -8.216184e-02
-4.860000e+00 -7.793631e-02 -7.793631e-02
-4.850000e+00 -7.433125e-02 -7.433125e-02
-4.840000e+00 -7.123263e-02 -7.123263e-02
-4.830000e+00 -6.855333e-02 -6.855333e-02
-4.820000e+00 -6.622573e-02 -6.622573e-02
-4.810000e+00 -6.419657e-02 -6.419657e-02
-4.800000e+00 -6.242336e-02 -6.242336e-02
-4.790000e+00 -6.087182e-02 -6.087182e-02
-4.780000e+00 -5.951403e-02 -5.951403e-02
-4.770000e+00 -5.832707e-02 -5.832707e-02
-4.760000e+00 -5.729195e-02 -5.729195e-02
-4.750000e+00 -5.639287e-02 -5.639287e-02
-4.740000e+00 -5.561659e-02 -5.561659e-02
-4.730000e+00 -5.495198e-02 -5.495198e-02
-4.720000e+00 -5.438965e-02 -5.438965e-02
-4.710000e+00 -5.392166e-02 -5.392166e-02
-4.700000e+00 -5.354128e-02 -5.354128e-02
-4.690000e+00 -5.324282e-02 -5.324282e-02
-4.680000e+00 -5.302149e-02 -5.302149e-02
-4.670000e+00 -5.287323e-02 -5.287323e-02
-4.660000e+00 -5.279468e-02 -5.279468e-02
-4.650000e+00 -5.278305e-02 -5.278305e-02
-4.640000e+00 -5.283606e-02 -5.283606e-02
-4.630000e+00 -5.295191e-02 -5.295191e-02
-4.620000e+00 -5.312922e-02 -5.312922e-02
-4.610000e+00 -5.336699e-02 -5.336699e-02
-4.600000e+00 -5.366460e-02 -5.366460e-02
-4.590000e+00 -5.402173e-02 -5.402173e-02
-4.580000e+00 -5.443842e-02 -5.443842e-02
-4.570000e+00 -5.491500e-02 -5.491500e-02
-4.560000e+00 -5.545211e-02 -5.545211e-02
-4.550000e+00 -5.605068e-02 -5.605068e-02
-4.540000e+00 -5.671195e-02 -5.671195e-02
-4.530000e+00 -5.743746e-02 -5.743746e-02
-4.520000e+00 -5.822907e-02 -5.822907e-02
-4.510000e+00 -5.908895e-02 -5.908895e-02
-4.500000e+00 -6.001960e-02 -6.001960e-02
-4.490000e+00 -6.102391e-02 -6.102391e-02
-4.480000e+00 -6.210512e-02 -6.210512e-02
-4.470000e+00 -6.326688e-02 -6.326688e-02
-4.460000e+00 -6.451331e-02 -6.451331e-02
-4.450000e+00 -6.584898e-02 -6.584898e-02
-4.440000e+00 -6.727899e-02 -6.727899e-02
-4.430000e+00 -6.880903e-02 -6.880903e-02
-4.420000e+00 -7.044542e-02 -7.044542e-02
-4.410000e+00 -7.219520e-02 -7.219520e-02
-4.400000e+00 -7.406617e-02 -7.406617e-02
-4.390000e+00 -7.606707e-02 -7.606707e-02
-4.380000e+00 -7.820758e-02 -7.820758e-02
-4.370000e+00 -8.049857e-02 -8.049857e-02
-4.360000e+00 -8.295214e-02 -8.295214e-02
-4.350000e+00 -8.558187e-02 -8.558187e-02
-4.340000e+00 -8.840303e-02 -8.840303e-02
-4.330000e+00 -9.143277e-02 -9.143277e-02
-4.320000e+00 -9.469051e-02 -9.469051e-02
-4.310000e+00 -9.819819e-02 -9.819819e-02
-4.300000e+00 -1.019808e-01 -1.019808e-01
-4.290000e+00 -1.060668e-01 -1.060668e-01
-4.280000e+00 -1.104888e-01 -1.104888e-01
-4.270000e+00 -1.152844e-01 -1.152844e-01
-4.260000e+00 -1.204968e-01 -1.204968e-01
-4.250000e+00 -1.261766e-01 -1.261766e-01
-4.240000e+00 -1.323826e-01 -1.323826e-01
-4.230000e+00 -1.391840e-01 -1.391840e-01
-4.220000e+00 -1.466625e-01 -1.466625e-01
-4.210000e+00 -1.549158e-01 -1.549158e-01
-4.200000e+00 -1.640611e-01 -1.640611e-01
-4.190000e+00 -1.742400e-01 -1.742400e-01
-4.180000e+00 -1.856263e-01 -1.856263e-01
-4.170000e+00 -1.984344e-01 -1.984344e-01
-4.160000e+00 -2.129324e-01 -2.129324e-01
-4.150000e+00 -2.294602e-01 -2.294602e-01
-4.140000e+00 -2.484551e-01 -2.484551e-01
-4.130000e+00 -2.704886e-01 -2.704886e-01
-4.120000e+00 -2.963234e-01 -2.963234e-01
-4.110000e+00 -3.269995e-01 -3.269995e-01
-4.100000e+00 -3.639731e-01 -3.639731e-01
-4.090000e+00 -4.093480e-01 -4.093480e-01
-4.080000e+00 -4.662800e-01 -4.662800e-01
-4.070000e+00 -5.397289e-01 -5.397289e-01
-4.060000e+00 -6.379611e-01 -6.379611e-01
-4.050000e+00 -7.758568e-01 -7.758568e-01
-4.040000e+00 -9.831771e-01 -9.831771e-01
-4.030000e+00 -1.329366e+00 -1.329366e+00
-4.020000e+00 -2.022755e+00 -2.022755e+00
-4.010000e+00 -4.105012e+00 -4.105012e+00
-4.000000e+00 -1.953386e+12 -1.954687e+12
-3.990000e+00 4.230546e+00 4.230546e+00
-3.980000e+00 2.148361e+00 2.148361e+00
-3.970000e+00 1.455091e+00 1.455091e+00
-3.960000e+00 1.109071e+00 1.109071e+00
-3.950000e+00 9.019667e-01 9.019667e-01
-3.940000e+00 7.643363e-01 7.643363e-01
-3.930000e+00 6.664185e-01 6.664185e-01
-3.920000e+00 5.933337e-01 5.933337e-01
-3.910000e+00 5.368158e-01 5.368158e-01
-3.900000e+00 4.919058e-01 4.919058e-01
-3.890000e+00 4.554486e-01 4.554486e-01
-3.880000e+00 4.253412e-01 4.253412e-01
-3.870000e+00 4.001282e-01 4.001282e-01
-3.860000e+00 3.787704e-01 3.787704e-01
-3.850000e+00 3.605066e-01 3.605066e-01
-3.840000e+00 3.447659e-01 3.447659e-01
-3.830000e+00 3.311126e-01 3.311126e-01
-3.820000e+00 3.192080e-01 3.192080e-01
-3.810000e+00 3.087855e-01 3.087855e-01
-3.800000e+00 2.996321e-01 2.996321e-01
-3.790000e+00 2.915760e-01 2.915760e-01
-3.780000e+00 2.844771e-01 2.844771e-01
-3.770000e+00 2.782201e-01 2.782201e-01
-3.760000e+00 2.727097e-01 2.727097e-01
-3.750000e+00 2.678661e-01 2.678661e-01
-3.740000e+00 2.636226e-01 2.636226e-01
-3.730000e+00 2.599229e-01 2.599229e-01
-3.720000e+00 2.567191e-01 2.567191e-01
-3.710000e+00 2.539710e-01 2.539710e-01
-3.700000e+00 2.516440e-01 2.516440e-01
-3.690000e+00 2.497088e-01 2.497088e-01
-3.680000e+00 2.481406e-01 2.481406e-01
-3.670000e+00 2.469180e-01 2.469180e-01
-3.660000e+00 2.460232e-01 2.460232e-01
-3.650000e+00 2.454412e-01 2.454412e-01
-3.640000e+00 2.451593e-01 2.451593e-01
-3.630000e+00 2.451674e-01 2.451674e-01
-3.620000e+00 2.454570e-01 2.454570e-01
-3.610000e+00 2.460218e-01 2.460218e-01
-3.600000e+00 2.468571e-01 2.468571e-01
-3.590000e+00 2.479597e-01 2.479597e-01
-3.580000e+00 2.493280e-01 2.493280e-01
-3.570000e+00 2.509615e-01 2.509615e-01
-3.560000e+00 2.528616e-01 2.528616e-01
-3.550000e+00 2.550306e-01 2.550306e-01
-3.540000e+00 2.574723e-01 2.574723e-01
-3.530000e+00 2.601917e-01 2.601917e-01
-3.520000e+00 2.631954e-01 2.631954e-01
-3.510000e+00 2.664911e-01 2.664911e-01
-3.500000e+00 2.700882e-01 2.700882e-01
-3.490000e+00 2.739973e-01 2.739973e-01
-3.480000e+00 2.782309e-01 2.782309e-01
-3.470000e+00 2.828030e-01 2.828030e-01
-3.460000e+00 2.877294e-01 2.877294e-01
-3.450000e+00 2.930280e-01 2.930280e-01
-3.440000e+00 2.987187e-01 2.987187e-01
-3.430000e+00 3.048240e-01 3.048240e-01
-3.420000e+00 3.113688e-01 3.113688e-01
-3.410000e+00 3.183808e-01 3.183808e-01
-3.400000e+00 3.258912e-01 3.258912e-01
-3.390000e+00 3.339344e-01 3.339344e-01
-3.380000e+00 3.425492e-01 3.425492e-01
-3.370000e+00 3.517787e-01 3.517787e-01
-3.360000e+00 3.616713e-01 3.616713e-01
-3.350000e+00 3.722811e-01 3.722811e-01
-3.340000e+00 3.836691e-01 3.836691e-01
-3.330000e+00 3.959039e-01 3.959039e-01
-3.320000e+00 4.090630e-01 4.090630e-01
-3.310000e+00 4.232342e-01 4.232342e-01
-3.300000e+00 4.385174e-01 4.385174e-01
-3.290000e+00 4.550265e-01 4.550265e-01
-3.280000e+00 4.728921e-01 4.728921e-01
-3.270000e+00 4.922642e-01 4.922642e-01
-3.260000e+00 5.133166e-01 5.133166e-01
-3.250000e+00 5.362507e-01 5.362507e-01
-3.240000e+00 5.613023e-01 5.613023e-01
-3.230000e+00 5.887482e-01 5.887482e-01
-3.220000e+00 6.189159e-01 6.189159e-01
-3.210000e+00 6.521957e-01 6.521957e-01
-3.200000e+00 6.890564e-01 6.890564e-01
-3.190000e+00 7.300657e-01 7.300657e-01
-3.180000e+00 7.759180e-01 7.759180e-01
-3.170000e+00 8.274713e-01 8.274713e-01
-3.160000e+00 8.857987e-01 8.857987e-01
-3.150000e+00 9.522600e-01 9.522600e-01
-3.140000e+00 1.028604e+00 1.028604e+00
-3.130000e+00 1.117118e+00 1.117118e+00
-3.120000e+00 1.220852e+00 1.220852e+00
-3.110000e+00 1.343968e+00 1.343968e+00
-3.100000e+00 1.492290e+00 1.492290e+00
-3.090000e+00 1.674233e+00 1.674233e+00
-3.080000e+00 1.902423e+00 1.902423e+00
-3.070000e+00 2.196697e+00 2.196697e+00
-3.060000e+00 2.590122e+00 2.590122e+00
-3.050000e+00 3.142220e+00 3.142220e+00
-3.040000e+00 3.972036e+00 3.972036e+00
-3.030000e+00 5.357344e+00 5.357344e+00
-3.020000e+00 8.131477e+00 8.131477e+00
-3.010000e+00 1.646110e+01 1.646110e+01
-3.000000e+00 3.941000e+12 3.909375e+12
-2.990000e+00 -1.687988e+01 -1.687988e+01
-2.980000e+00 -8.550477e+00 -8.550477e+00
-2.970000e+00 -5.776713e+00 -5.776713e+00
-2.960000e+00 -4.391920e+00 -4.391920e+00
-2.950000e+00 -3.562769e+00 -3.562769e+00
-2.940000e+00 -3.011485e+00 -3.011485e+00
-2.930000e+00 -2.619025e+00 -2.619025e+00
-2.920000e+00 -2.325868e+00 -2.325868e+00
-2.910000e+00 -2.098950e+00 -2.098950e+00
-2.900000e+00 -1.918433e+00 -1.918433e+00
-2.890000e+00 -1.771695e+00 -1.771695e+00
-2.880000e+00 -1.650324e+00 -1.650324e+00
-2.870000e+00 -1.548496e+00 -1.548496e+00
-2.860000e+00 -1.462054e+00 -1.462054e+00
-2.850000e+00 -1.387950e+00 -1.387950e+00
-2.840000e+00 -1.323901e+00 -1.323901e+00
-2.830000e+00 -1.268161e+00 -1.268161e+00
-2.820000e+00 -1.219375e+00 -1.219375e+00
-2.810000e+00 -1.176473e+00 -1.176473e+00
-2.800000e+00 -1.138602e+00 -1.138602e+00
-2.790000e+00 -1.105073e+00 -1.105073e+00
-2.780000e+00 -1.075323e+00 -1.075323e+00
-2.770000e+00 -1.048890e+00 -1.048890e+00
-2.760000e+00 -1.025388e+00 -1.025388e+00
-2.750000e+00 -1.004498e+00 -1.004498e+00
-2.740000e+00 -9.859486e-01 -9.859486e-01
-2.730000e+00 -9.695123e-01 -9.695123e-01
-2.720000e+00 -9.549952e-01 -9.549952e-01
-2.710000e+00 -9.422324e-01 -9.422324e-01
-2.700000e+00 -9.310828e-01 -9.310828e-01
-2.690000e+00 -9.214256e-01 -9.214256e-01
-2.680000e+00 -9.131572e-01 -9.131572e-01
-2.670000e+00 -9.061890e-01 -9.061890e-01
-2.660000e+00 -9.004450e-01 -9.004450e-01
-2.650000e+00 -8.958603e-01 -8.958603e-01
-2.640000e+00 -8.923799e-01 -8.923799e-01
-2.630000e+00 -8.899575e-01 -8.899575e-01
-2.620000e+00 -8.885544e-01 -8.885544e-01
-2.610000e+00 -8.881389e-01 -8.881389e-01
-2.600000e+00 -8.886857e-01 -8.886857e-01
-2.590000e+00 -8.901755e-01 -8.901755e-01
-2.580000e+00 -8.925941e-01 -8.925941e-01
-2.570000e+00 -8.959327e-01 -8.959327e-01
-2.560000e+00 -9.001873e-01 -9.001873e-01
-2.550000e+00 -9.053586e-01 -9.053586e-01
-2.540000e+00 -9.114518e-01 -9.114518e-01
-2.530000e+00 -9.184768e-01 -9.184768e-01
-2.520000e+00 -9.264478e-01 -9.264478e-01
-2.510000e+00 -9.353839e-01 -9.353839e-01
-2.500000e+00 -9.453087e-01 -9.453087e-01
-2.490000e+00 -9.562507e-01 -9.562507e-01
-2.480000e+00 -9.682436e-01 -9.682436e-01
-2.470000e+00 -9.813263e-01 -9.813263e-01
-2.460000e+00 -9.955436e-01 -9.955436e-01
-2.450000e+00 -1.010946e+00 -1.010946e+00
-2.440000e+00 -1.027592e+00 -1.027592e+00
-2.430000e+00 -1.045546e+00 -1.045546e+00
-2.420000e+00 -1.064881e+00 -1.064881e+00
-2.410000e+00 -1.085679e+00 -1.085679e+00
-2.400000e+00 -1.108030e+00 -1.108030e+00
-2.390000e+00 -1.132038e+00 -1.132038e+00
-2.380000e+00 -1.157816e+00 -1.157816e+00
-2.370000e+00 -1.185494e+00 -1.185494e+00
-2.360000e+00 -1.215216e+00 -1.215216e+00
-2.350000e+00 -1.247142e+00 -1.247142e+00
-2.340000e+00 -1.281455e+00 -1.281455e+00
-2.330000e+00 -1.318360e+00 -1.318360e+00
-2.320000e+00 -1.358089e+00 -1.358089e+00
-2.310000e+00 -1.400905e+00 -1.400905e+00
-2.300000e+00 -1.447107e+00 -1.447107e+00
-2.290000e+00 -1.497037e+00 -1.497037e+00
-2.280000e+00 -1.551086e+00 -1.551086e+00
-2.270000e+00 -1.609704e+00 -1.609704e+00
-2.260000e+00 -1.673412e+00 -1.673412e+00
-2.250000e+00 -1.742815e+00 -1.742815e+00
-2.240000e+00 -1.818619e+00 -1.818619e+00
-2.230000e+00 -1.901657e+00 -1.901657e+00
-2.220000e+00 -1.992909e+00 -1.992909e+00
-2.210000e+00 -2.093548e+00 -2.093548e+00
-2.200000e+00 -2.204981e+00 -2.204981e+00
-2.190000e+00 -2.328910e+00 -2.328910e+00
-2.180000e+00 -2.467419e+00 -2.467419e+00
-2.170000e+00 -2.623084e+00 -2.623084e+00
-2.160000e+00 -2.799124e+00 -2.799124e+00
-2.150000e+00 -2.999619e+00 -2.999619e+00
-2.140000e+00 -3.229817e+00 -3.229817e+00
-2.130000e+00 -3.496579e+00 -3.496579e+00
-2.120000e+00 -3.809060e+00 -3.809060e+00
-2.110000e+00 -4.179740e+00 -4.179740e+00
-2.100000e+00 -4.626098e+00 -4.626098e+00
-2.090000e+00 -5.173381e+00 -5.173381e+00
-2.080000e+00 -5.859462e+00 -5.859462e+00
-2.070000e+00 -6.743859e+00 -6.743859e+00
-2.060000e+00 -7.925773e+00 -7.925773e+00
-2.050000e+00 -9.583771e+00 -9.583771e+00
-2.040000e+00 -1.207499e+01 -1.207499e+01
-2.030000e+00 -1.623275e+01 -1.623275e+01
-2.020000e+00 -2.455706e+01 -2.455706e+01
-2.010000e+00 -4.954790e+01 -4.954790e+01
-2.000000e+00 -7.835045e+12 -7.818749e+12
-1.990000e+00 5.047083e+01 5.047083e+01
-1.980000e+00 2.548042e+01 2.548042e+01
-1.970000e+00 1.715684e+01 1.715684e+01
-1.960000e+00 1.300008e+01 1.300008e+01
-1.950000e+00 1.051017e+01 1.051017e+01
-1.940000e+00 8.853766e+00 8.853766e+00
-1.930000e+00 7.673743e+00 7.673743e+00
-1.920000e+00 6.791534e+00 6.791534e+00
-1.910000e+00 6.107943e+00 6.107943e+00
-1.900000e+00 5.563455e+00 5.563455e+00
-1.890000e+00 5.120199e+00 5.120199e+00
-1.880000e+00 4.752933e+00 4.752933e+00
-1.870000e+00 4.444183e+00 4.444183e+00
-1.860000e+00 4.181474e+00 4.181474e+00
-1.850000e+00 3.955658e+00 3.955658e+00
-1.840000e+00 3.759879e+00 3.759879e+00
-1.830000e+00 3.588896e+00 3.588896e+00
-1.820000e+00 3.438637e+00 3.438637e+00
-1.810000e+00 3.305889e+00 3.305889e+00
-1.800000e+00 3.188086e+00 3.188086e+00
-1.790000e+00 3.083154e+00 3.083154e+00
-1.780000e+00 2.989399e+00 2.989399e+00
-1.770000e+00 2.905425e+00 2.905425e+00
-1.760000e+00 2.830072e+00 2.830072e+00
-1.750000e+00 2.762369e+00 2.762369e+00
-1.740000e+00 2.701499e+00 2.701499e+00
-1.730000e+00 2.646769e+00 2.646769e+00
-1.720000e+00 2.597587e+00 2.597587e+00
-1.710000e+00 2.553450e+00 2.553450e+00
-1.700000e+00 2.513924e+00 2.513924e+00
-1.690000e+00 2.478635e+00 2.478635e+00
-1.680000e+00 2.447261e+00 2.447261e+00
-1.670000e+00 2.419525e+00 2.419525e+00
-1.660000e+00 2.395184e+00 2.395184e+00
-1.650000e+00 2.374030e+00 2.374030e+00
-1.640000e+00 2.355883e+00 2.355883e+00
-1.630000e+00 2.340588e+00 2.340588e+00
-1.620000e+00 2.328012e+00 2.328012e+00
-1.610000e+00 2.318042e+00 2.318042e+00
-1.600000e+00 2.310583e+00 2.310583e+00
-1.590000e+00 2.305554e+00 2.305554e+00
-1.580000e+00 2.302893e+00 2.302893e+00
-1.570000e+00 2.302547e+00 2.302547e+00
-1.560000e+00 2.304480e+00 2.304480e+00
-1.550000e+00 2.308664e+00 2.308664e+00
-1.540000e+00 2.315088e+00 2.315088e+00
-1.530000e+00 2.323746e+00 2.323746e+00
-1.520000e+00 2.334649e+00 2.334649e+00
-1.510000e+00 2.347814e+00 2.347814e+00
-1.500000e+00 2.363272e+00 2.363272e+00
-1.490000e+00 2.381064e+00 2.381064e+00
-1.480000e+00 2.401244e+00 2.401244e+00
-1.470000e+00 2.423876e+00 2.423876e+00
-1.460000e+00 2.449037e+00 2.449037e+00
-1.450000e+00 2.476819e+00 2.476819e+00
-1.440000e+00 2.507325e+00 2.507325e+00
-1.430000e+00 2.540678e+00 2.540678e+00
-1.420000e+00 2.577013e+00 2.577013e+00
-1.410000e+00 2.616485e+00 2.616485e+00
-1.400000e+00 2.659272e+00 2.659272e+00
-1.390000e+00 2.705570e+00 2.705570e+00
-1.380000e+00 2.755603e+00 2.755603e+00
-1.370000e+00 2.809622e+00 2.809622e+00
-1.360000e+00 2.867909e+00 2.867909e+00
-1.350000e+00 2.930783e+00 2.930783e+00
-1.340000e+00 2.998604e+00 2.998604e+00
-1.330000e+00 3.071779e+00 3.071779e+00
-1.320000e+00 3.150767e+00 3.150767e+00
-1.310000e+00 3.236091e+00 3.236091e+00
-1.300000e+00 3.328347e+00 3.328347e+00
-1.290000e+00 3.428215e+00 3.428215e+00
-1.280000e+00 3.536476e+00 3.536476e+00
-1.270000e+00 3.654028e+00 3.654028e+00
-1.260000e+00 3.781911e+00 3.781911e+00
-1.250000e+00 3.921333e+00 3.921333e+00
-1.240000e+00 4.073708e+00 4.073708e+00
-1.230000e+00 4.240694e+00 4.240694e+00
-1.220000e+00 4.424258e+00 4.424258e+00
-1.210000e+00 4.626742e+00 4.626742e+00
-1.200000e+00 4.850957e+00 4.850957e+00
-1.190000e+00 5.100312e+00 5.100312e+00
-1.180000e+00 5.378974e+00 5.378974e+00
-1.170000e+00 5.692092e+00 5.692092e+00
-1.160000e+00 6.046108e+00 6.046108e+00
-1.150000e+00 6.449181e+00 6.449181e+00
-1.140000e+00 6.911807e+00 6.911807e+00
-1.130000e+00 7.447714e+00 7.447714e+00
-1.120000e+00 8.075207e+00 8.075207e+00
-1.110000e+00 8.819252e+00 8.819252e+00
-1.100000e+00 9.714806e+00 9.714806e+00
-1.090000e+00 1.081237e+01 1.081237e+01
-1.080000e+00 1.218768e+01 1.218768e+01
-1.070000e+00 1.395979e+01 1.395979e+01
-1.060000e+00 1.632709e+01 1.632709e+01
-1.050000e+00 1.964673e+01 1.964673e+01
-1.040000e+00 2.463298e+01 2.463298e+01
-1.030000e+00 3.295249e+01 3.295249e+01
-1.020000e+00 4.960526e+01 4.960526e+01
-1.010000e+00 9.959129e+01 9.959129e+01
-1.000000e+00 1.587133e+13 1.585775e+13
-9.900000e-01 -1.004370e+02 -1.004370e+02
-9.800000e-01 -5.045123e+01 -5.045123e+01
-9.700000e-01 -3.379897e+01 -3.379897e+01
-9.600000e-01 -2.548016e+01 -2.548016e+01
-9.500000e-01 -2.049483e+01 -2.049483e+01
-9.400000e-01 -1.717631e+01 -1.717631e+01
-9.300000e-01 -1.481032e+01 -1.481032e+01
-9.200000e-01 -1.303975e+01 -1.303975e+01
-9.100000e-01 -1.166617e+01 -1.166617e+01
-9.000000e-01 -1.057056e+01 -1.057056e+01
-8.900000e-01 -9.677176e+00 -9.677176e+00
-8.800000e-01 -8.935513e+00 -8.935513e+00
-8.700000e-01 -8.310623e+00 -8.310623e+00
-8.600000e-01 -7.777542e+00 -7.777542e+00
-8.500000e-01 -7.317968e+00 -7.317968e+00
-8.400000e-01 -6.918178e+00 -6.918178e+00
-8.300000e-01 -6.567680e+00 -6.567680e+00
-8.200000e-01 -6.258319e+00 -6.258319e+00
-8.100000e-01 -5.983658e+00 -5.983658e+00
-8.000000e-01 -5.738555e+00 -5.738555e+00
-7.900000e-01 -5.518846e+00 -5.518846e+00
-7.800000e-01 -5.321130e+00 -5.321130e+00
-7.700000e-01 -5.142602e+00 -5.142602e+00
-7.600000e-01 -4.980927e+00 -4.980927e+00
-7.500000e-01 -4.834147e+00 -4.834147e+00
-7.400000e-01 -4.700609e+00 -4.700609e+00
-7.300000e-01 -4.578910e+00 -4.578910e+00
-7.200000e-01 -4.467850e+00 -4.467850e+00
-7.100000e-01 -4.366399e+00 -4.366399e+00
-7.000000e-01 -4.273670e+00 -4.273670e+00
-6.900000e-01 -4.188893e+00 -4.188893e+00
-6.800000e-01 -4.111399e+00 -4.111399e+00
-6.700000e-01 -4.040606e+00 -4.040606e+00
-6.600000e-01 -3.976005e+00 -3.976005e+00
-6.500000e-01 -3.917149e+00 -3.917149e+00
-6.400000e-01 -3.863648e+00 -3.863648e+00
-6.300000e-01 -3.815159e+00 -3.815159e+00
-6.200000e-01 -3.771380e+00 -3.771380e+00
-6.100000e-01 -3.732048e+00 -3.732048e+00
-6.000000e-01 -3.696933e+00 -3.696933e+00
-5.900000e-01 -3.665832e+00 -3.665832e+00
-5.800000e-01 -3.638571e+00 -3.638571e+00
-5.700000e-01 -3.614999e+00 -3.614999e+00
-5.600000e-01 -3.594988e+00 -3.594988e+00
-5.500000e-01 -3.578430e+00 -3.578430e+00
-5.400000e-01 -3.565235e+00 -3.565235e+00
-5.300000e-01 -3.555332e+00 -3.555332e+00
-5.200000e-01 -3.548666e+00 -3.548666e+00
-5.100000e-01 -3.545199e+00 -3.545199e+00
-5.000000e-01 -3.544908e+00 -3.544908e+00
-4.900000e-01 -3.547786e+00 -3.547786e+00
-4.800000e-01 -3.553841e+00 -3.553841e+00
-4.700000e-01 -3.563098e+00 -3.563098e+00
-4.600000e-01 -3.575594e+00 -3.575594e+00
-4.500000e-01 -3.591387e+00 -3.591387e+00
-4.400000e-01 -3.610549e+00 -3.610549e+00
-4.300000e-01 -3.633169e+00 -3.633169e+00
-4.200000e-01 -3.659358e+00 -3.659358e+00
-4.100000e-01 -3.689244e+00 -3.689244e+00
-4.000000e-01 -3.722981e+00 -3.722981e+00
-3.900000e-01 -3.760742e+00 -3.760742e+00
-3.800000e-01 -3.802732e+00 -3.802732e+00
-3.700000e-01 -3.849182e+00 -3.849182e+00
-3.600000e-01 -3.900356e+00 -3.900356e+00
-3.500000e-01 -3.956557e+00 -3.956557e+00
-3.400000e-01 -4.018130e+00 -4.018130e+00
-3.300000e-01 -4.085466e+00 -4.085466e+00
-3.200000e-01 -4.159012e+00 -4.159012e+00
-3.100000e-01 -4.239279e+00 -4.239279e+00
-3.000000e-01 -4.326851e+00 -4.326851e+00
-2.900000e-01 -4.422398e+00 -4.422398e+00
-2.800000e-01 -4.526689e+00 -4.526689e+00
-2.700000e-01 -4.640616e+00 -4.640616e+00
-2.600000e-01 -4.765208e+00 -4.765208e+00
-2.500000e-01 -4.901667e+00 -4.901667e+00
-2.400000e-01 -5.051397e+00 -5.051397e+00
-2.300000e-01 -5.216054e+00 -5.216054e+00
-2.200000e-01 -5.397595e+00 -5.397595e+00
-2.100000e-01 -5.598357e+00 -5.598357e+00
-2.000000e-01 -5.821149e+00 -5.821149e+00
-1.900000e-01 -6.069371e+00 -6.069371e+00
-1.800000e-01 -6.347189e+00 -6.347189e+00
-1.700000e-01 -6.659748e+00 -6.659748e+00
-1.600000e-01 -7.013485e+00 -7.013485e+00
-1.500000e-01 -7.416558e+00 -7.416558e+00
-1.400000e-01 -7.879460e+00 -7.879460e+00
-1.300000e-01 -8.415917e+00 -8.415917e+00
-1.200000e-01 -9.044232e+00 -9.044232e+00
-1.100000e-01 -9.789370e+00 -9.789370e+00
-1.000000e-01 -1.068629e+01 -1.068629e+01
-9.000000e-02 -1.178548e+01 -1.178548e+01
-8.000000e-02 -1.316269e+01 -1.316269e+01
-7.000000e-02 -1.493697e+01 -1.493697e+01
-6.000000e-02 -1.730672e+01 -1.730672e+01
-5.000000e-02 -2.062907e+01 -2.062907e+01
-4.000000e-02 -2.561830e+01 -2.561830e+01
-3.000000e-02 -3.394106e+01 -3.394106e+01
-2.000000e-02 -5.059737e+01 -5.059737e+01
-1.000000e-02 -1.005872e+02 -1.005872e+02
-6.230780e-14 -1.604936e+13 -1.604936e+13
1.000000e-02 9.943259e+01 9.943259e+01
2.000000e-02 4.944221e+01 4.944221e+01
3.000000e-02 3.278500e+01 3.278500e+01
4.000000e-02 2.446096e+01 2.446096e+01
5.000000e-02 1.947009e+01 1.947009e+01
6.000000e-02 1.614573e+01 1.614573e+01
7.000000e-02 1.377360e+01 1.377360e+01
8.000000e-02 1.199657e+01 1.199657e+01
9.000000e-02 1.061622e+01 1.061622e+01
1.000000e-01 9.513508e+00 9.513508e+00
1.100000e-01 8.612686e+00 8.612686e+00
1.200000e-01 7.863252e+00 7.863252e+00
1.300000e-01 7.230242e+00 7.230242e+00
1.400000e-01 6.688686e+00 6.688686e+00
1.500000e-01 6.220273e+00 6.220273e+00
1.600000e-01 5.811269e+00 5.811269e+00
1.700000e-01 5.451174e+00 5.451174e+00
1.800000e-01 5.131821e+00 5.131821e+00
1.900000e-01 4.846763e+00 4.846763e+00
2.000000e-01 4.590844e+00 4.590844e+00
2.100000e-01 4.359888e+00 4.359888e+00
2.200000e-01 4.150482e+00 4.150482e+00
2.300000e-01 3.959804e+00 3.959804e+00
2.400000e-01 3.785504e+00 3.785504e+00
2.500000e-01 3.625610e+00 3.625610e+00
2.600000e-01 3.478450e+00 3.478450e+00
2.700000e-01 3.342604e+00 3.342604e+00
2.800000e-01 3.216852e+00 3.216852e+00
2.900000e-01 3.100143e+00 3.100143e+00
3.000000e-01 2.991569e+00 2.991569e+00
3.100000e-01 2.890336e+00 2.890336e+00
3.200000e-01 2.795751e+00 2.795751e+00
3.300000e-01 2.707206e+00 2.707206e+00
3.400000e-01 2.624163e+00 2.624163e+00
3.500000e-01 2.546147e+00 2.546147e+00
3.600000e-01 2.472735e+00 2.472735e+00
3.700000e-01 2.403550e+00 2.403550e+00
3.800000e-01 2.338256e+00 2.338256e+00
3.900000e-01 2.276549e+00 2.276549e+00
4.000000e-01 2.218160e+00 2.218160e+00
4.100000e-01 2.162841e+00 2.162841e+00
4.200000e-01 2.110371e+00 2.110371e+00
4.300000e-01 2.060549e+00 2.060549e+00
4.400000e-01 2.013193e+00 2.013193e+00
4.500000e-01 1.968136e+00 1.968136e+00
4.600000e-01 1.925227e+00 1.925227e+00
4.700000e-01 1.884326e+00 1.884326e+00
4.800000e-01 1.845306e+00 1.845306e+00
4.900000e-01 1.808051e+00 1.808051e+00
5.000000e-01 1.772454e+00 1.772454e+00
5.100000e-01 1.738415e+00 1.738415e+00
5.200000e-01 1.705844e+00 1.705844e+00
5.300000e-01 1.674656e+00 1.674656e+00
5.400000e-01 1.644773e+00 1.644773e+00
5.500000e-01 1.616124e+00 1.616124e+00
5.600000e-01 1.588641e+00 1.588641e+00
5.700000e-01 1.562263e+00 1.562263e+00
5.800000e-01 1.536930e+00 1.536930e+00
5.900000e-01 1.512590e+00 1.512590e+00
6.000000e-01 1.489192e+00 1.489192e+00
6.100000e-01 1.466690e+00 1.466690e+00
6.200000e-01 1.445038e+00 1.445038e+00
6.300000e-01 1.424197e+00 1.424197e+00
6.400000e-01 1.404128e+00 1.404128e+00
6.500000e-01 1.384795e+00 1.384795e+00
6.600000e-01 1.366164e+00 1.366164e+00
6.700000e-01 1.348204e+00 1.348204e+00
6.800000e-01 1.330884e+00 1.330884e+00
6.900000e-01 1.314177e+00 1.314177e+00
7.000000e-01 1.298055e+00 1.298055e+00
7.100000e-01 1.282495e+00 1.282495e+00
7.200000e-01 1.267473e+00 1.267473e+00
7.300000e-01 1.252966e+00 1.252966e+00
7.400000e-01 1.238954e+00 1.238954e+00
7.500000e-01 1.225417e+00 1.225417e+00
7.600000e-01 1.212335e+00 1.212335e+00
7.700000e-01 1.199692e+00 1.199692e+00
7.800000e-01 1.187471e+00 1.187471e+00
7.900000e-01 1.175655e+00 1.175655e+00
8.000000e-01 1.164230e+00 1.164230e+00
8.100000e-01 1.153181e+00 1.153181e+00
8.200000e-01 1.142494e+00 1.142494e+00
8.300000e-01 1.132157e+00 1.132157e+00
8.400000e-01 1.122158e+00 1.122158e+00
8.500000e-01 1.112484e+00 1.112484e+00
8.600000e-01 1.103124e+00 1.103124e+00
8.700000e-01 1.094069e+00 1.094069e+00
8.800000e-01 1.085308e+00 1.085308e+00
8.900000e-01 1.076831e+00 1.076831e+00
9.000000e-01 1.068629e+00 1.068629e+00
9.100000e-01 1.060693e+00 1.060693e+00
9.200000e-01 1.053016e+00 1.053016e+00
9.300000e-01 1.045588e+00 1.045588e+00
9.400000e-01 1.038403e+00 1.038403e+00
9.500000e-01 1.031453e+00 1.031453e+00
9.600000e-01 1.024732e+00 1.024732e+00
9.700000e-01 1.018232e+00 1.018232e+00
9.800000e-01 1.011947e+00 1.011947e+00
9.900000e-01 1.005872e+00 1.005872e+00
1.000000e+00 1.000000e+00 1.000000e+00
1.010000e+00 9.943259e-01 9.943259e-01
1.020000e+00 9.888442e-01 9.888442e-01
1.030000e+00 9.835500e-01 9.835500e-01
1.040000e+00 9.784382e-01 9.784382e-01
1.050000e+00 9.735043e-01 9.735043e-01
1.060000e+00 9.687436e-01 9.687436e-01
1.070000e+00 9.641520e-01 9.641520e-01
1.080000e+00 9.597253e-01 9.597253e-01
1.090000e+00 9.554595e-01 9.554595e-01
1.100000e+00 9.513508e-01 9.513508e-01
1.110000e+00 9.473955e-01 9.473955e-01
1.120000e+00 9.435902e-01 9.435902e-01
1.130000e+00 9.399314e-01 9.399314e-01
1.140000e+00 9.364161e-01 9.364161e-01
1.150000e+00 9.330409e-01 9.330409e-01
1.160000e+00 9.298031e-01 9.298031e-01
1.170000e+00 9.266996e-01 9.266996e-01
1.180000e+00 9.237278e-01 9.237278e-01
1.190000e+00 9.208850e-01 9.208850e-01
1.200000e+00 9.181687e-01 9.181687e-01
1.210000e+00 9.155765e-01 9.155765e-01
1.220000e+00 9.131059e-01 9.131059e-01
1.230000e+00 9.107549e-01 9.107549e-01
1.240000e+00 9.085211e-01 9.085211e-01
1.250000e+00 9.064025e-01 9.064025e-01
1.260000e+00 9.043971e-01 9.043971e-01
1.270000e+00 9.025031e-01 9.025031e-01
1.280000e+00 9.007185e-01 9.007185e-01
1.290000e+00 8.990416e-01 8.990416e-01
1.300000e+00 8.974707e-01 8.974707e-01
1.310000e+00 8.960042e-01 8.960042e-01
1.320000e+00 8.946405e-01 8.946405e-01
1.330000e+00 8.933781e-01 8.933781e-01
1.340000e+00 8.922155e-01 8.922155e-01
1.350000e+00 8.911514e-01 8.911514e-01
1.360000e+00 8.901845e-01 8.901845e-01
1.370000e+00 8.893135e-01 8.893135e-01
1.380000e+00 8.885371e-01 8.885371e-01
1.390000e+00 8.878543e-01 8.878543e-01
1.400000e+00 8.872638e-01 8.872638e-01
1.410000e+00 8.867647e-01 8.867647e-01
1.420000e+00 8.863558e-01 8.863558e-01
1.430000e+00 8.860362e-01 8.860362e-01
1.440000e+00 8.858051e-01 8.858051e-01
1.450000e+00 8.856614e-01 8.856614e-01
1.460000e+00 8.856043e-01 8.856043e-01
1.470000e+00 8.856331e-01 8.856331e-01
1.480000e+00 8.857470e-01 8.857470e-01
1.490000e+00 8.859451e-01 8.859451e-01
1.500000e+00 8.862269e-01 8.862269e-01
1.510000e+00 8.865917e-01 8.865917e-01
1.520000e+00 8.870388e-01 8.870388e-01
1.530000e+00 8.875676e-01 8.875676e-01
1.540000e+00 8.881777e-01 8.881777e-01
1.550000e+00 8.888683e-01 8.888683e-01
1.560000e+00 8.896392e-01 8.896392e-01
1.570000e+00 8.904897e-01 8.904897e-01
1.580000e+00 8.914196e-01 8.914196e-01
1.590000e+00 8.924282e-01 8.924282e-01
1.600000e+00 8.935153e-01 8.935153e-01
1.610000e+00 8.946806e-01 8.946806e-01
1.620000e+00 8.959237e-01 8.959237e-01
1.630000e+00 8.972442e-01 8.972442e-01
1.640000e+00 8.986420e-01 8.986420e-01
1.650000e+00 9.001168e-01 9.001168e-01
1.660000e+00 9.016684e-01 9.016684e-01
1.670000e+00 9.032965e-01 9.032965e-01
1.680000e+00 9.050010e-01 9.050010e-01
1.690000e+00 9.067818e-01 9.067818e-01
1.700000e+00 9.086387e-01 9.086387e-01
1.710000e+00 9.105717e-01 9.105717e-01
1.720000e+00 9.125806e-01 9.125806e-01
1.730000e+00 9.146654e-01 9.146654e-01
1.740000e+00 9.168260e-01 9.168260e-01
1.750000e+00 9.190625e-01 9.190625e-01
1.760000e+00 9.213749e-01 9.213749e-01
1.770000e+00 9.237631e-01 9.237631e-01
1.780000e+00 9.262273e-01 9.262273e-01
1.790000e+00 9.287675e-01 9.287675e-01
1.800000e+00 9.313838e-01 9.313838e-01
1.810000e+00 9.340763e-01 9.340763e-01
1.820000e+00 9.368451e-01 9.368451e-01
1.830000e+00 9.396904e-01 9.396904e-01
1.840000e+00 9.426124e-01 9.426124e-01
1.850000e+00 9.456112e-01 9.456112e-01
1.860000e+00 9.486870e-01 9.486870e-01
1.870000e+00 9.518402e-01 9.518402e-01
1.880000e+00 9.550709e-01 9.550709e-01
1.890000e+00 9.583793e-01 9.583793e-01
1.900000e+00 9.617658e-01 9.617658e-01
1.910000e+00 9.652307e-01 9.652307e-01
1.920000e+00 9.687743e-01 9.687743e-01
1.930000e+00 9.723969e-01 9.723969e-01
1.940000e+00 9.760989e-01 9.760989e-01
1.950000e+00 9.798807e-01 9.798807e-01
1.960000e+00 9.837425e-01 9.837425e-01
1.970000e+00 9.876850e-01 9.876850e-01
1.980000e+00 9.917084e-01 9.917084e-01
1.990000e+00 9.958133e-01 9.958133e-01
2.000000e+00 1.000000e+00 1.000000e+00
2.010000e+00 1.004269e+00 1.004269e+00
2.020000e+00 1.008621e+00 1.008621e+00
2.030000e+00 1.013056e+00 1.013056e+00
2.040000e+00 1.017576e+00 1.017576e+00
2.050000e+00 1.022179e+00 1.022179e+00
2.060000e+00 1.026868e+00 1.026868e+00
2.070000e+00 1.031643e+00 1.031643e+00
2.080000e+00 1.036503e+00 1.036503e+00
2.090000e+00 1.041451e+00 1.041451e+00
2.100000e+00 1.046486e+00 1.046486e+00
2.110000e+00 1.051609e+00 1.051609e+00
2.120000e+00 1.056821e+00 1.056821e+00
2.130000e+00 1.062123e+00 1.062123e+00
2.140000e+00 1.067514e+00 1.067514e+00
2.150000e+00 1.072997e+00 1.072997e+00
2.160000e+00 1.078572e+00 1.078572e+00
2.170000e+00 1.084239e+00 1.084239e+00
2.180000e+00 1.089999e+00 1.089999e+00
2.190000e+00 1.095853e+00 1.095853e+00
2.200000e+00 1.101802e+00 1.101802e+00
2.210000e+00 1.107848e+00 1.107848e+00
2.220000e+00 1.113989e+00 1.113989e+00
2.230000e+00 1.120228e+00 1.120228e+00
2.240000e+00 1.126566e+00 1.126566e+00
2.250000e+00 1.133003e+00 1.133003e+00
2.260000e+00 1.139540e+00 1.139540e+00
2.270000e+00 1.146179e+00 1.146179e+00
2.280000e+00 1.152920e+00 1.152920e+00
2.290000e+00 1.159764e+00 1.159764e+00
2.300000e+00 1.166712e+00 1.166712e+00
2.310000e+00 1.173765e+00 1.173765e+00
2.320000e+00 1.180925e+00 1.180925e+00
2.330000e+00 1.188193e+00 1.188193e+00
2.340000e+00 1.195569e+00 1.195569e+00
2.350000e+00 1.203054e+00 1.203054e+00
2.360000e+00 1.210651e+00 1.210651e+00
2.370000e+00 1.218360e+00 1.218360e+00
2.380000e+00 1.226181e+00 1.226181e+00
2.390000e+00 1.234117e+00 1.234117e+00
2.400000e+00 1.242169e+00 1.242169e+00
2.410000e+00 1.250338e+00 1.250338e+00
2.420000e+00 1.258625e+00 1.258625e+00
2.430000e+00 1.267032e+00 1.267032e+00
2.440000e+00 1.275559e+00 1.275559e+00
2.450000e+00 1.284209e+00 1.284209e+00
2.460000e+00 1.292982e+00 1.292982e+00
2.470000e+00 1.301881e+00 1.301881e+00
2.480000e+00 1.310906e+00 1.310906e+00
2.490000e+00 1.320058e+00 1.320058e+00
2.500000e+00 1.329340e+00 1.329340e+00
2.510000e+00 1.338753e+00 1.338753e+00
2.520000e+00 1.348299e+00 1.348299e+00
2.530000e+00 1.357978e+00 1.357978e+00
2.540000e+00 1.367794e+00 1.367794e+00
2.550000e+00 1.377746e+00 1.377746e+00
2.560000e+00 1.387837e+00 1.387837e+00
2.570000e+00 1.398069e+00 1.398069e+00
2.580000e+00 1.408443e+00 1.408443e+00
2.590000e+00 1.418961e+00 1.418961e+00
2.600000e+00 1.429625e+00 1.429625e+00
2.610000e+00 1.440436e+00 1.440436e+00
2.620000e+00 1.451396e+00 1.451396e+00
2.630000e+00 1.462508e+00 1.462508e+00
2.640000e+00 1.473773e+00 1.473773e+00
2.650000e+00 1.485193e+00 1.485193e+00
2.660000e+00 1.496769e+00 1.496769e+00
2.670000e+00 1.508505e+00 1.508505e+00
2.680000e+00 1.520402e+00 1.520402e+00
2.690000e+00 1.532461e+00 1.532461e+00
2.700000e+00 1.544686e+00 1.544686e+00
2.710000e+00 1.557078e+00 1.557078e+00
2.720000e+00 1.569639e+00 1.569639e+00
2.730000e+00 1.582371e+00 1.582371e+00
2.740000e+00 1.595277e+00 1.595277e+00
2.750000e+00 1.608359e+00 1.608359e+00
2.760000e+00 1.621620e+00 1.621620e+00
2.770000e+00 1.635061e+00 1.635061e+00
2.780000e+00 1.648685e+00 1.648685e+00
2.790000e+00 1.662494e+00 1.662494e+00
2.800000e+00 1.676491e+00 1.676491e+00
2.810000e+00 1.690678e+00 1.690678e+00
2.820000e+00 1.705058e+00 1.705058e+00
2.830000e+00 1.719633e+00 1.719633e+00
2.840000e+00 1.734407e+00 1.734407e+00
2.850000e+00 1.749381e+00 1.749381e+00
2.860000e+00 1.764558e+00 1.764558e+00
2.870000e+00 1.779941e+00 1.779941e+00
2.880000e+00 1.795533e+00 1.795533e+00
2.890000e+00 1.811337e+00 1.811337e+00
2.900000e+00 1.827355e+00 1.827355e+00
2.910000e+00 1.843591e+00 1.843591e+00
2.920000e+00 1.860047e+00 1.860047e+00
2.930000e+00 1.876726e+00 1.876726e+00
2.940000e+00 1.893632e+00 1.893632e+00
2.950000e+00 1.910767e+00 1.910767e+00
2.960000e+00 1.928135e+00 1.928135e+00
2.970000e+00 1.945739e+00 1.945739e+00
2.980000e+00 1.963583e+00 1.963583e+00
2.990000e+00 1.981668e+00 1.981668e+00
3.000000e+00 2.000000e+00 2.000000e+00
3.010000e+00 2.018581e+00 2.018581e+00
3.020000e+00 2.037415e+00 2.037415e+00
3.030000e+00 2.056505e+00 2.056505e+00
3.040000e+00 2.075854e+00 2.075854e+00
3.050000e+00 2.095468e+00 2.095468e+00
3.060000e+00 2.115349e+00 2.115349e+00
3.070000e+00 2.135500e+00 2.135500e+00
3.080000e+00 2.155927e+00 2.155927e+00
3.090000e+00 2.176632e+00 2.176632e+00
3.100000e+00 2.197620e+00 2.197620e+00
3.110000e+00 2.218895e+00 2.218895e+00
3.120000e+00 2.240461e+00 2.240461e+00
3.130000e+00 2.262321e+00 2.262321e+00
3.140000e+00 2.284481e+00 2.284481e+00
3.150000e+00 2.306944e+00 2.306944e+00
3.160000e+00 2.329715e+00 2.329715e+00
3.170000e+00 2.352798e+00 2.352798e+00
3.180000e+00 2.376197e+00 2.376197e+00
3.190000e+00 2.399918e+00 2.399918e+00
3.200000e+00 2.423965e+00 2.423965e+00
3.210000e+00 2.448343e+00 2.448343e+00
3.220000e+00 2.473056e+00 2.473056e+00
3.230000e+00 2.498109e+00 2.498109e+00
3.240000e+00 2.523508e+00 2.523508e+00
3.250000e+00 2.549257e+00 2.549257e+00
3.260000e+00 2.575361e+00 2.575361e+00
3.270000e+00 2.601826e+00 2.601826e+00
3.280000e+00 2.628657e+00 2.628657e+00
3.290000e+00 2.655859e+00 2.655859e+00
3.300000e+00 2.683437e+00 2.683437e+00
3.310000e+00 2.711398e+00 2.711398e+00
3.320000e+00 2.739747e+00 2.739747e+00
3.330000e+00 2.768489e+00 2.768489e+00
3.340000e+00 2.797631e+00 2.797631e+00
3.350000e+00 2.827178e+00 2.827178e+00
3.360000e+00 2.857136e+00 2.857136e+00
3.370000e+00 2.887512e+00 2.887512e+00
3.380000e+00 2.918311e+00 2.918311e+00
3.390000e+00 2.949541e+00 2.949541e+00
3.400000e+00 2.981206e+00 2.981206e+00
3.410000e+00 3.013315e+00 3.013315e+00
3.420000e+00 3.045873e+00 3.045873e+00
3.430000e+00 3.078887e+00 3.078887e+00
3.440000e+00 3.112365e+00 3.112365e+00
3.450000e+00 3.146312e+00 3.146312e+00
3.460000e+00 3.180737e+00 3.180737e+00
3.470000e+00 3.215645e+00 3.215645e+00
3.480000e+00 3.251046e+00 3.251046e+00
3.490000e+00 3.286945e+00 3.286945e+00
3.500000e+00 3.323351e+00 3.323351e+00
3.510000e+00 3.360271e+00 3.360271e+00
3.520000e+00 3.397713e+00 3.397713e+00
3.530000e+00 3.435686e+00 3.435686e+00
3.540000e+00 3.474196e+00 3.474196e+00
3.550000e+00 3.513252e+00 3.513252e+00
3.560000e+00 3.552863e+00 3.552863e+00
3.570000e+00 3.593037e+00 3.593037e+00
3.580000e+00 3.633783e+00 3.633783e+00
3.590000e+00 3.675109e+00 3.675109e+00
3.600000e+00 3.717024e+00 3.717024e+00
3.610000e+00 3.759537e+00 3.759537e+00
3.620000e+00 3.802658e+00 3.802658e+00
3.630000e+00 3.846396e+00 3.846396e+00
3.640000e+00 3.890761e+00 3.890761e+00
3.650000e+00 3.935761e+00 3.935761e+00
3.660000e+00 3.981407e+00 3.981407e+00
3.670000e+00 4.027709e+00 4.027709e+00
3.680000e+00 4.074677e+00 4.074677e+00
3.690000e+00 4.122321e+00 4.122321e+00
3.700000e+00 4.170652e+00 4.170652e+00
3.710000e+00 4.219680e+00 4.219680e+00
3.720000e+00 4.269417e+00 4.269417e+00
3.730000e+00 4.319873e+00 4.319873e+00
3.740000e+00 4.371060e+00 4.371060e+00
3.750000e+00 4.422988e+00 4.422988e+00
3.760000e+00 4.475671e+00 4.475671e+00
3.770000e+00 4.529118e+00 4.529118e+00
3.780000e+00 4.583343e+00 4.583343e+00
3.790000e+00 4.638358e+00 4.638358e+00
3.800000e+00 4.694174e+00 4.694174e+00
3.810000e+00 4.750805e+00 4.750805e+00
3.820000e+00 4.808264e+00 4.808264e+00
3.830000e+00 4.866563e+00 4.866563e+00
3.840000e+00 4.925715e+00 4.925715e+00
3.850000e+00 4.985735e+00 4.985735e+00
3.860000e+00 5.046636e+00 5.046636e+00
3.870000e+00 5.108431e+00 5.108431e+00
3.880000e+00 5.171136e+00 5.171136e+00
3.890000e+00 5.234764e+00 5.234764e+00
3.900000e+00 5.299330e+00 5.299330e+00
3.910000e+00 5.364849e+00 5.364849e+00
3.920000e+00 5.431336e+00 5.431336e+00
3.930000e+00 5.498807e+00 5.498807e+00
3.940000e+00 5.567278e+00 5.567278e+00
3.950000e+00 5.636763e+00 5.636763e+00
3.960000e+00 5.707281e+00 5.707281e+00
3.970000e+00 5.778846e+00 5.778846e+00
3.980000e+00 5.851476e+00 5.851476e+00
3.990000e+00 5.925188e+00 5.925188e+00
4.000000e+00 6.000000e+00 6.000000e+00
4.010000e+00 6.075929e+00 6.075929e+00
4.020000e+00 6.152992e+00 6.152992e+00
4.030000e+00 6.231209e+00 6.231209e+00
4.040000e+00 6.310598e+00 6.310598e+00
4.050000e+00 6.391177e+00 6.391177e+00
4.060000e+00 6.472967e+00 6.472967e+00
4.070000e+00 6.555986e+00 6.555986e+00
4.080000e+00 6.640255e+00 6.640255e+00
4.090000e+00 6.725794e+00 6.725794e+00
4.100000e+00 6.812623e+00 6.812623e+00
4.110000e+00 6.900763e+00 6.900763e+00
4.120000e+00 6.990237e+00 6.990237e+00
4.130000e+00 7.081065e+00 7.081065e+00
4.140000e+00 7.173269e+00 7.173269e+00
4.150000e+00 7.266873e+00 7.266873e+00
4.160000e+00 7.361898e+00 7.361898e+00
4.170000e+00 7.458369e+00 7.458369e+00
4.180000e+00 7.556308e+00 7.556308e+00
4.190000e+00 7.655740e+00 7.655740e+00
4.200000e+00 7.756690e+00 7.756690e+00
4.210000e+00 7.859181e+00 7.859181e+00
4.220000e+00 7.963241e+00 7.963241e+00
4.230000e+00 8.068894e+00 8.068894e+00
4.240000e+00 8.176166e+00 8.176166e+00
4.250000e+00 8.285085e+00 8.285085e+00
4.260000e+00 8.395678e+00 8.395678e+00
4.270000e+00 8.507971e+00 8.507971e+00
4.280000e+00 8.621994e+00 8.621994e+00
4.290000e+00 8.737775e+00 8.737775e+00
4.300000e+00 8.855343e+00 8.855343e+00
4.310000e+00 8.974728e+00 8.974728e+00
4.320000e+00 9.095960e+00 9.095960e+00
4.330000e+00 9.219069e+00 9.219069e+00
4.340000e+00 9.344087e+00 9.344087e+00
4.350000e+00 9.471046e+00 9.471046e+00
4.360000e+00 9.599978e+00 9.599978e+00
4.370000e+00 9.730916e+00 9.730916e+00
4.380000e+00 9.863893e+00 9.863893e+00
4.390000e+00 9.998943e+00 9.998943e+00
4.400000e+00 1.013610e+01 1.013610e+01
4.410000e+00 1.027540e+01 1.027540e+01
4.420000e+00 1.041689e+01 1.041689e+01
4.430000e+00 1.056058e+01 1.056058e+01
4.440000e+00 1.070653e+01 1.070653e+01
4.450000e+00 1.085478e+01 1.085478e+01
4.460000e+00 1.100535e+01 1.100535e+01
4.470000e+00 1.115829e+01 1.115829e+01
4.480000e+00 1.131364e+01 1.131364e+01
4.490000e+00 1.147144e+01 1.147144e+01
4.500000e+00 1.163173e+01 1.163173e+01
4.510000e+00 1.179455e+01 1.179455e+01
4.520000e+00 1.195995e+01 1.195995e+01
4.530000e+00 1.212797e+01 1.212797e+01
4.540000e+00 1.229865e+01 1.229865e+01
4.550000e+00 1.247205e+01 1.247205e+01
4.560000e+00 1.264819e+01 1.264819e+01
4.570000e+00 1.282714e+01 1.282714e+01
4.580000e+00 1.300894e+01 1.300894e+01
4.590000e+00 1.319364e+01 1.319364e+01
4.600000e+00 1.338129e+01 1.338129e+01
4.610000e+00 1.357193e+01 1.357193e+01
4.620000e+00 1.376562e+01 1.376562e+01
4.630000e+00 1.396242e+01 1.396242e+01
4.640000e+00 1.416237e+01 1.416237e+01
4.650000e+00 1.436553e+01 1.436553e+01
4.660000e+00 1.457195e+01 1.457195e+01
4.670000e+00 1.478169e+01 1.478169e+01
4.680000e+00 1.499481e+01 1.499481e+01
4.690000e+00 1.521136e+01 1.521136e+01
4.700000e+00 1.543141e+01 1.543141e+01
4.710000e+00 1.565501e+01 1.565501e+01
4.720000e+00 1.588223e+01 1.588223e+01
4.730000e+00 1.611313e+01 1.611313e+01
4.740000e+00 1.634776e+01 1.634776e+01
4.750000e+00 1.658621e+01 1.658621e+01
4.760000e+00 1.682852e+01 1.682852e+01
4.770000e+00 1.707478e+01 1.707478e+01
4.780000e+00 1.732504e+01 1.732504e+01
4.790000e+00 1.757938e+01 1.757938e+01
4.800000e+00 1.783786e+01 1.783786e+01
4.810000e+00 1.810057e+01 1.810057e+01
4.820000e+00 1.836757e+01 1.836757e+01
4.830000e+00 1.863893e+01 1.863893e+01
4.840000e+00 1.891475e+01 1.891475e+01
4.850000e+00 1.919508e+01 1.919508e+01
4.860000e+00 1.948001e+01 1.948001e+01
4.870000e+00 1.976963e+01 1.976963e+01
4.880000e+00 2.006401e+01 2.006401e+01
4.890000e+00 2.036323e+01 2.036323e+01
4.900000e+00 2.066739e+01 2.066739e+01
4.910000e+00 2.097656e+01 2.097656e+01
4.920000e+00 2.129084e+01 2.129084e+01
4.930000e+00 2.161031e+01 2.161031e+01
4.940000e+00 2.193507e+01 2.193507e+01
4.950000e+00 2.226522e+01 2.226522e+01
4.960000e+00 2.260083e+01 2.260083e+01
4.970000e+00 2.294202e+01 2.294202e+01
4.980000e+00 2.328888e+01 2.328888e+01
4.990000e+00 2.364150e+01 2.364150e+01
5.000000e+00 2.400000e+01 2.400000e+01
