0
0.0909091
0.181818
0.272727
0.363636
0.454545
0.545455
0.636364
0.727273
0.818182
0.909091
1
1.09091
1.18182
1.27273
1.36364
1.45455
1.54545
1.63636
1.72727
1.81818
1.90909
2
2.09091
2.18182
2.27273
2.36364
2.45455
2.54545
2.63636
2.72727
2.81818
2.90909
3
3.09091
3.18182
3.27273
3.36364
3.45455
3.54545
3.63636
3.72727
3.81818
3.90909
4
4.09091
4.18182
4.27273
4.36364
4.45455
4.54545
4.63636
4.72727
4.81818
4.90909
5
5.09091
5.18182
5.27273
5.36364
5.45455
5.54545
5.63636
5.72727
5.81818
5.90909
6
6.09091
6.18182
6.27273
6.36364
6.45455
6.54545
6.63636
6.72727
6.81818
6.90909
7
7.09091
7.18182
7.27273
7.36364
7.45455
7.54545
7.63636
7.72727
7.81818
7.90909
8
8.09091
8.18182
8.27273
8.36364
8.45455
8.54545
8.63636
8.72727
8.81818
8.90909
9
