# eps=0 uprime=-0.1
0 1 -0.1
0.01 0.999 -0.099995
0.03 0.997 -0.099955
0.07 0.993004 -0.099755
0.137513 0.986286 -0.0990554
0.231075 0.977078 -0.0973387
0.345668 0.966074 -0.0940729
0.475559 0.954141 -0.0888727
0.615808 0.942128 -0.0815669
0.762708 0.93077 -0.0721854
0.913688 0.920661 -0.0609103
1.06705 0.912252 -0.0480259
1.22175 0.905873 -0.0338775
1.37712 0.901745 -0.0188431
1.53284 0.900002 -0.00331494
1.68872 0.9007 0.0123132
1.84472 0.903829 0.0276542
2.00086 0.90932 0.0423333
2.15722 0.917047 0.0559939
2.31387 0.926836 0.0683017
2.47092 0.938466 0.07895
2.62848 0.951669 0.0876652
2.78663 0.966137 0.0942124
2.94545 0.981527 0.0984023
3.10501 0.997463 0.100097
3.26535 1.01355 0.0992172
3.42649 1.02936 0.0957463
3.58844 1.04448 0.0897362
3.75118 1.05849 0.0813092
3.91469 1.07101 0.0706584
4.0789 1.08165 0.0580459
4.24374 1.09011 0.0437976
4.40913 1.09612 0.0282951
4.57497 1.09949 0.0119652
4.74114 1.10011 -0.00473334
4.90754 1.09793 -0.0213252
5.07403 1.09303 -0.0373345
5.24048 1.08552 -0.0523019
5.40678 1.07564 -0.0658006
5.57278 1.06368 -0.077451
5.73838 1.04998 -0.0869339
5.90346 1.03495 -0.0939999
6.06793 1.01901 -0.0984761
6.2317 1.00263 -0.100269
6.3947 0.986252 -0.0993663
6.55689 0.970317 -0.0958296
6.71824 0.955241 -0.0897928
6.87875 0.941405 -0.0814521
7.03843 0.929146 -0.0710572
7.19732 0.91875 -0.0589019
7.3555 0.91045 -0.0453135
7.51303 0.904422 -0.0306441
7.67002 0.900789 -0.0152612
7.8266 0.899616 0.000459724
7.98288 0.900914 0.0161423
8.13901 0.904641 0.0314155
8.29512 0.910708 0.0459192
8.45135 0.918972 0.0593093
8.60784 0.929245 0.0712634
8.76472 0.941296 0.0814864
8.9221 0.954847 0.0897159
9.08007 0.969583 0.0957295
9.23872 0.985153 0.0993505
9.39811 1.00118 0.100455
9.55829 1.01725 0.0989776
9.71927 1.03296 0.0949178
9.88106 1.04789 0.0883427
10.0436 1.06162 0.0793902
10.2069 1.07376 0.0682683
10.371 1.08397 0.0552529
10.5356 1.09192 0.0406816
10.7007 1.09739 0.0249457
10.8663 1.10018 0.00847883
11.0322 1.10021 -0.00825694
11.1983 1.09746 -0.0247861
11.3644 1.092 -0.0406362
11.5305 1.08398 -0.0553547
11.6964 1.07364 -0.0685245
11.862 1.06128 -0.0797785
12.0271 1.04727 -0.0888116
12.1917 1.03201 -0.0953899
12.3557 1.01594 -0.0993566
12.519 0.999503 -0.100634
12.6815 0.983156 -0.099225
12.8432 0.967334 -0.0952048
13.004 0.952444 -0.0887194
13.164 0.938858 -0.079975
13.3232 0.926902 -0.0692293
13.4816 0.916853 -0.0567818
13.6393 0.908932 -0.0429639
13.7964 0.903307 -0.0281297
13.9529 0.900089 -0.0126474
14.1091 0.899332 0.00310853
14.265 0.901039 0.0187636
14.4207 0.905162 0.0339495
14.5765 0.911601 0.0483098
14.7324 0.920207 0.0615049
14.8886 0.930787 0.0732174
15.0452 0.943101 0.083158
15.2023 0.956868 0.091071
15.36 0.971768 0.096741
15.5184 0.987446 0.0999995
15.6776 1.00352 0.100731
15.8375 1.01959 0.0988795
15.9982 1.03523 0.0944535
16.1598 1.05003 0.0875299
16.3221 1.06358 0.0782556
16.4852 1.07549 0.0668477
16.6489 1.08543 0.0535896
16.8133 1.09308 0.0388256
16.9782 1.09822 0.0229521
17.1434 1.10067 0.0064057
17.309 1.10035 -0.0103502
17.4748 1.09726 -0.0268409
17.6406 1.09147 -0.0425969
17.8063 1.08315 -0.0571705
17.9718 1.07255 -0.0701509
18.137 1.05997 -0.0811787
18.3018 1.04578 -0.0899577
18.466 1.0304 -0.0962629
18.6295 1.01424 -0.0999469
18.7924 0.997779 -0.100941
18.9544 0.981449 -0.0992557
19.1157 0.965686 -0.0949741
19.2761 0.950893 -0.0882483
19.4356 0.937437 -0.0792893
19.5944 0.925639 -0.0683585
19.7524 0.915767 -0.055758
19.9096 0.90804 -0.0418204
20.0663 0.902616 -0.0269001
20.2225 0.899603 -0.0113648
20.3782 0.899051 0.00441195
20.5338 0.900958 0.0200576
20.6891 0.90527 0.035206
20.8446 0.911886 0.049503
21.0001 0.920653 0.062612
21.156 0.931376 0.0742185
21.3123 0.943812 0.0840363
21.4691 0.957679 0.0918133
21.6265 0.972656 0.0973376
21.7846 0.988387 0.100444
21.9434 1.00449 0.101022
22.1031 1.02056 0.0990177
22.2635 1.03618 0.0944445
22.4248 1.05094 0.0873823
22.5868 1.06443 0.0779814
22.7496 1.07627 0.0664616
22.913 1.08611 0.0531086
23.077 1.09367 0.0382682
23.2416 1.0987 0.0223378
23.4065 1.10104 0.00575408
23.5718 1.10061 -0.01102
23.7372 1.09741 -0.0275112
23.9026 1.09152 -0.0432519
24.068 1.08312 -0.0577964
24.2332 1.07244 -0.0707369
24.398 1.0598 -0.0817168
24.5624 1.04555 -0.0904426
24.7263 1.03012 -0.0966924
24.8895 1.01394 -0.100321
25.052 0.997457 -0.101262
25.1327 0.989285 -0.100726


# eps=0 uprime=-0.5
0 1 -0.5
0.01 0.995 -0.499975
0.0292514 0.985376 -0.499786
0.0582117 0.970908 -0.499153
0.0955334 0.952299 -0.49772
0.139176 0.930622 -0.495164
0.187184 0.906931 -0.491262
0.237998 0.882088 -0.485899
0.290489 0.856745 -0.47904
0.343886 0.83137 -0.470708
0.397677 0.806294 -0.460956
0.451532 0.78175 -0.449856
0.505238 0.757905 -0.437486
0.558661 0.734879 -0.423928
0.611717 0.71276 -0.409265
0.664355 0.691615 -0.393578
0.716544 0.671494 -0.376948
0.768268 0.652436 -0.359452
0.81952 0.63447 -0.341167
0.870299 0.617618 -0.322166
0.920608 0.601894 -0.30252
0.970457 0.587308 -0.282299
1.01986 0.573866 -0.261568
1.06882 0.56157 -0.24039
1.11736 0.550416 -0.218823
1.16551 0.540402 -0.196924
1.21328 0.53152 -0.174745
1.26069 0.523761 -0.152336
1.30778 0.517116 -0.129742
1.35457 0.511574 -0.107005
1.4011 0.507123 -0.0841631
1.4474 0.503755 -0.0612536
1.4935 0.501458 -0.0383093
1.53945 0.500224 -0.0153611
1.58529 0.500045 0.00756179
1.63105 0.500915 0.0304314
1.67677 0.502828 0.0532207
1.72251 0.505782 0.0759026
1.76829 0.509775 0.0984497
1.81416 0.514807 0.120834
1.86016 0.520879 0.143025
1.90633 0.527992 0.164992
1.9527 0.53615 0.1867
1.9993 0.545354 0.208114
2.04617 0.555607 0.229194
2.09333 0.566911 0.249898
2.14081 0.579266 0.270181
2.18864 0.59267 0.289996
2.23684 0.607121 0.309292
2.28543 0.622612 0.328016
2.33442 0.639135 0.346112
2.38384 0.656679 0.363521
2.43369 0.675226 0.380183
2.48398 0.694759 0.396037
2.53474 0.715252 0.411019
2.58595 0.736678 0.425065
2.63765 0.759002 0.438108
2.68982 0.782186 0.450085
2.74247 0.806186 0.46093
2.79561 0.830953 0.470578
2.84923 0.856431 0.478966
2.90334 0.882559 0.486034
2.95794 0.90927 0.491722
3.01303 0.936493 0.495973
3.06859 0.964149 0.498736
3.12463 0.992155 0.499962
3.18114 1.02042 0.499607
3.23812 1.04885 0.497633
3.29555 1.07735 0.494006
3.35344 1.10582 0.488701
3.41176 1.13414 0.481698
3.47052 1.16221 0.472985
3.52969 1.18992 0.462558
3.58927 1.21714 0.450421
3.64925 1.24376 0.436588
3.7096 1.26967 0.42108
3.77033 1.29474 0.403929
3.8314 1.31886 0.385174
3.89281 1.34191 0.364867
3.95453 1.36379 0.343067
4.01656 1.38437 0.319842
4.07887 1.40355 0.295272
4.14144 1.42123 0.269442
4.20426 1.43733 0.242449
4.2673 1.45174 0.214397
4.33055 1.4644 0.185398
4.39398 1.47523 0.155568
4.45757 1.48416 0.125034
4.5213 1.49114 0.0939244
4.58515 1.49614 0.0623748
4.64909 1.49911 0.0305231
4.7131 1.50004 -0.00148978
4.77717 1.49892 -0.0335211
4.84126 1.49575 -0.0654277
4.90535 1.49054 -0.0970667
4.96942 1.48331 -0.128297
5.03344 1.47411 -0.158978
5.0974 1.46297 -0.188977
5.16127 1.44996 -0.21816
5.22503 1.43513 -0.246404
5.28864 1.41858 -0.273587
5.3521 1.40037 -0.299599
5.41538 1.38061 -0.324333
5.47845 1.3594 -0.347695
5.5413 1.33684 -0.369596
5.6039 1.31304 -0.389958
5.66624 1.28812 -0.408715
5.72829 1.26221 -0.425806
5.79004 1.23542 -0.441184
5.85145 1.20788 -0.454811
5.91253 1.17971 -0.466659
5.97325 1.15104 -0.47671
6.03359 1.122 -0.484956
6.09354 1.09271 -0.491399
6.15308 1.06329 -0.496048
6.2122 1.03385 -0.498923
6.27088 1.00451 -0.50005
6.32912 0.975384 -0.499465
6.38691 0.946565 -0.497209
6.44422 0.918156 -0.49333
6.50106 0.890248 -0.487881
6.55741 0.862929 -0.480921
6.61327 0.836277 -0.472514
6.66864 0.810368 -0.462725
6.7235 0.785266 -0.451625
6.77786 0.761034 -0.439285
6.83171 0.737724 -0.425779
6.88506 0.715385 -0.411183
6.93789 0.694056 -0.39557
6.99023 0.673773 -0.379017
7.04206 0.654565 -0.361599
7.0934 0.636457 -0.343388
7.14425 0.619465 -0.324457
7.19462 0.603604 -0.304877
7.24453 0.588882 -0.284715
7.29398 0.575306 -0.264036
7.34299 0.562875 -0.242904
7.39158 0.551588 -0.221378
7.43977 0.541442 -0.199514
7.48757 0.532428 -0.177364
7.53502 0.524538 -0.154978
7.58214 0.517763 -0.132403
7.62896 0.512093 -0.109679
7.67551 0.507516 -0.0868478
7.72183 0.504022 -0.063944
7.76795 0.5016 -0.0410016
7.81391 0.500242 -0.0180519
7.85975 0.499939 0.00487575
7.90551 0.500686 0.0277534
7.95123 0.502477 0.0505539
7.99696 0.505309 0.0732502
8.04273 0.509179 0.095815
8.08858 0.514089 0.11822
8.13456 0.520038 0.140436
8.1807 0.527028 0.162432
8.22703 0.535063 0.184173
8.2736 0.544143 0.205624
8.32043 0.554272 0.226746
8.36755 0.565452 0.247498
8.41499 0.577682 0.267834
8.46277 0.590962 0.287708
8.51092 0.605289 0.307069
8.55946 0.620657 0.325865
8.60839 0.637059 0.344039
8.65775 0.654482 0.361534
8.70754 0.672911 0.378289
8.75778 0.692328 0.394244
8.80847 0.712709 0.409334
8.85963 0.734025 0.423496
8.91126 0.756245 0.436663
8.96337 0.779329 0.448772
9.01596 0.803235 0.459756
9.06903 0.827914 0.469552
9.12259 0.85331 0.478096
9.17664 0.879365 0.485326
9.23118 0.906012 0.491183
9.2862 0.933178 0.495611
9.3417 0.960788 0.498556
9.39768 0.988758 0.49997
9.45413 1.017 0.499808
9.51104 1.04542 0.498031
9.56842 1.07392 0.494605
9.62624 1.1024 0.489504
9.68451 1.13074 0.482707
9.74321 1.15885 0.474201
9.80233 1.18661 0.463981
9.86185 1.2139 0.45205
9.92178 1.2406 0.438421
9.98208 1.2666 0.423114
10.0428 1.29179 0.40616
10.1038 1.31603 0.387597
10.1651 1.33922 0.367474
10.2268 1.36124 0.345851
10.2888 1.38198 0.322794
10.3511 1.40134 0.298382
10.4136 1.41922 0.272699
10.4764 1.43551 0.245841
10.5394 1.45014 0.217911
10.6026 1.46302 0.189019
10.666 1.47407 0.159282
10.7296 1.48324 0.128825
10.7933 1.49046 0.0977771
10.8571 1.49571 0.0662719
10.9211 1.49893 0.0344476
10.9851 1.50011 0.00244471
11.0491 1.49924 -0.0295943
11.1132 1.49632 -0.0615261
11.1773 1.49136 -0.0932077
11.2414 1.48438 -0.124498
11.3054 1.47542 -0.155256
11.3694 1.46451 -0.185348
11.4332 1.45173 -0.214641
11.497 1.43712 -0.243009
11.5606 1.42077 -0.270331
11.6241 1.40277 -0.296495
11.6874 1.38319 -0.321394
11.7505 1.36215 -0.344932
11.8134 1.33975 -0.36702
11.876 1.3161 -0.387578
11.9384 1.29131 -0.406538
12.0004 1.26551 -0.42384
12.0622 1.23882 -0.439433
12.1237 1.21136 -0.45328
12.1848 1.18327 -0.465351
12.2456 1.15465 -0.475627
12.3059 1.12565 -0.484098
12.3659 1.09638 -0.490766
12.4255 1.06697 -0.495638
12.4847 1.03753 -0.498732
12.5434 1.00817 -0.500076
12.6017 0.979004 -0.499703
12.6595 0.950138 -0.497653
12.7169 0.921671 -0.493973
12.7738 0.893694 -0.488717
12.8302 0.866295 -0.481943
12.8861 0.839554 -0.473713
12.9416 0.813547 -0.464093
12.9965 0.788339 -0.453153
13.0509 0.763993 -0.440964
13.1048 0.740564 -0.4276
13.1582 0.718099 -0.413136
13.2111 0.69664 -0.397646
13.2635 0.676223 -0.381207
13.3154 0.656877 -0.363892
13.3668 0.638628 -0.345777
13.4177 0.621494 -0.326932
13.4681 0.605488 -0.307429
13.5181 0.590622 -0.287337
13.5676 0.5769 -0.266719
13.6166 0.564324 -0.245641
13.6653 0.552892 -0.224161
13.7135 0.5426 -0.202336
13.7614 0.533443 -0.180219
13.8088 0.525411 -0.15786
13.856 0.518495 -0.135306
13.9028 0.512684 -0.112598
13.9494 0.507968 -0.0897778
13.9958 0.504336 -0.0668809
14.0419 0.501778 -0.0439413
14.0879 0.500284 -0.0209904
14.1337 0.499847 0.00194203
14.1795 0.50046 0.024828
14.2252 0.502117 0.0476403
14.2709 0.504815 0.0703518
14.3167 0.508552 0.0929355
14.3625 0.513328 0.115363
14.4085 0.519143 0.137606
14.4546 0.526 0.159632
14.5009 0.533899 0.181408
14.5474 0.542845 0.202899
14.5942 0.552838 0.224067
14.6413 0.563882 0.244869
14.6887 0.575977 0.265263
14.7364 0.589121 0.2852
14.7845 0.603313 0.304631
14.833 0.618547 0.323504
14.8818 0.634815 0.341763
14.9311 0.652107 0.35935
14.9809 0.670407 0.376206
15.031 0.689697 0.392269
15.0817 0.709955 0.407476
15.1328 0.731152 0.421763
15.1843 0.753257 0.435065
15.2364 0.776232 0.447317
15.2889 0.800034 0.458452
15.3419 0.824616 0.468408
15.3954 0.849923 0.477119
15.4494 0.875896 0.484525
15.5038 0.902471 0.490566
15.5588 0.929575 0.495185
15.6142 0.957133 0.498328
15.6701 0.985062 0.499946
15.7265 1.01327 0.499993
15.7834 1.04168 0.498431
15.8407 1.07017 0.495224
15.8984 1.09866 0.490344
15.9566 1.12704 0.483771
16.0153 1.15518 0.47549
16.0743 1.183 0.465496
16.1338 1.21035 0.45379
16.1937 1.23714 0.440384
16.2539 1.26325 0.425296
16.3145 1.28855 0.408556
16.3755 1.31292 0.390202
16.4368 1.33626 0.370282
16.4985 1.35844 0.348853
16.5604 1.37936 0.32598
16.6226 1.39892 0.301741
16.6851 1.41699 0.276221
16.7479 1.43351 0.249511
16.8109 1.44836 0.221716
16.8741 1.46147 0.192943
16.9374 1.47278 0.16331
17.001 1.4822 0.132939
17.0647 1.48969 0.10196
17.1285 1.4952 0.0705058
17.1924 1.49869 0.0387139
17.2564 1.50015 0.00672443
17.3204 1.49955 -0.0253202
17.3845 1.4969 -0.0572767
17.4486 1.49221 -0.0890023
17.5126 1.4855 -0.120355
17.5767 1.4768 -0.151195
17.6406 1.46615 -0.181386
17.7045 1.45361 -0.210795
17.7683 1.43925 -0.239296
17.8319 1.42313 -0.266767
17.8954 1.40534 -0.293095
17.9587 1.38597 -0.318171
18.0219 1.36511 -0.341899
18.0848 1.34289 -0.364188
18.1474 1.3194 -0.384958
18.2098 1.29475 -0.404138
18.2719 1.26908 -0.421667
18.3337 1.2425 -0.437495
18.3952 1.21514 -0.45158
18.4564 1.18712 -0.463893
18.5172 1.15857 -0.474413
18.5776 1.12961 -0.483129
18.6377 1.10037 -0.49004
18.6973 1.07096 -0.495154
18.7565 1.04152 -0.498489
18.8153 1.01214 -0.500068
18.8737 0.982941 -0.499925
18.9316 0.954028 -0.4981
18.989 0.925499 -0.494638
19.0459 0.897449 -0.489593
19.1024 0.869965 -0.483021
19.1584 0.843129 -0.474985
19.2139 0.817016 -0.46555
19.2689 0.791694 -0.454785
19.3233 0.767226 -0.442761
19.3773 0.743668 -0.429552
19.4308 0.721067 -0.415233
19.4837 0.699468 -0.399878
19.5362 0.678905 -0.383564
19.5882 0.659411 -0.366364
19.6396 0.641009 -0.348353
19.6906 0.623721 -0.329603
19.7411 0.607559 -0.310186
19.7911 0.592536 -0.290169
19.8406 0.578656 -0.269619
19.8898 0.565922 -0.2486
19.9384 0.554332 -0.227171
19.9867 0.543884 -0.205389
20.0346 0.53457 -0.183309
20.0821 0.526384 -0.16098
20.1293 0.519314 -0.13845
20.1762 0.513351 -0.115761
20.2228 0.508484 -0.092953
20.2692 0.504703 -0.0700641
20.3154 0.501996 -0.0471281
20.3613 0.500356 -0.0241766
20.4072 0.499772 -0.0012395
20.453 0.50024 0.021655
20.4987 0.501752 0.0444794
20.5444 0.504305 0.067207
20.5901 0.507898 0.0898105
20.6359 0.512529 0.112262
20.6819 0.518199 0.134533
20.728 0.52491 0.156591
20.7742 0.532664 0.178405
20.8207 0.541463 0.199939
20.8675 0.55131 0.221155
20.9145 0.562207 0.242012
20.9618 0.574154 0.262466
21.0095 0.587152 0.282471
21.0575 0.601198 0.301977
21.106 0.616286 0.320932
21.1548 0.63241 0.339281
21.204 0.649559 0.356967
21.2537 0.667719 0.37393
21.3038 0.686871 0.39011
21.3543 0.706995 0.405442
21.4054 0.728062 0.419864
21.4568 0.750042 0.43331
21.5088 0.772897 0.445714
21.5613 0.796586 0.457012
21.6142 0.821062 0.467139
21.6676 0.846271 0.476031
21.7215 0.872155 0.483627
21.7759 0.89865 0.489865
21.8308 0.925685 0.494689
21.8861 0.953185 0.498045
21.942 0.981068 0.499883
21.9983 1.00925 0.500156
22.0551 1.03763 0.498825
22.1123 1.06612 0.495854
22.17 1.09462 0.491214
22.2281 1.12302 0.484883
22.2867 1.15121 0.476846
22.3457 1.17907 0.467096
22.4051 1.20651 0.455633
22.4649 1.23339 0.442468
22.5251 1.2596 0.427618
22.5857 1.28502 0.411112
22.6466 1.30954 0.392985
22.7079 1.33303 0.373284
22.7695 1.35539 0.352066
22.8313 1.3765 0.329395
22.8935 1.39625 0.305345
22.956 1.41455 0.280001
23.0187 1.4313 0.253455
23.0816 1.44639 0.225807
23.1448 1.45976 0.197166
23.2081 1.47133 0.167647
23.2716 1.48103 0.137373
23.3353 1.4888 0.106471
23.3991 1.4946 0.0750747
23.463 1.49838 0.0433207
23.527 1.50014 0.0113489
23.591 1.49984 -0.0206988
23.6551 1.49748 -0.0526791
23.7191 1.49309 -0.0844489
23.7832 1.48667 -0.115866
23.8472 1.47825 -0.146791
23.9112 1.46788 -0.177086
23.9751 1.45561 -0.206619
24.0389 1.4415 -0.235261
24.1026 1.42563 -0.26289
24.1661 1.40808 -0.289392
24.2294 1.38893 -0.314658
24.2925 1.36828 -0.338589
24.3555 1.34625 -0.361094
24.4182 1.32293 -0.382091
24.4806 1.29845 -0.401507
24.5427 1.27292 -0.419281
24.6046 1.24646 -0.43536
24.6661 1.2192 -0.449703
24.7273 1.19127 -0.462276
24.7882 1.16278 -0.473059
24.8487 1.13388 -0.482039
24.9088 1.10467 -0.489214
24.9685 1.07528 -0.49459
25.0277 1.04583 -0.498183
25.0866 1.01643 -0.500018
25.1327 0.993334 -0.500243


# eps=0.01 uprime=-0.5
0 1 -0.5
0.01 0.995 -0.499875
0.0293476 0.985332 -0.499496
0.0585422 0.97076 -0.498575
0.0962348 0.951995 -0.49677
0.140356 0.930132 -0.493778
0.188914 0.906248 -0.489394
0.240314 0.881227 -0.483518
0.293404 0.855736 -0.476131
0.347393 0.830251 -0.467265
0.401757 0.80511 -0.456983
0.456157 0.780548 -0.445362
0.510379 0.756731 -0.432489
0.564284 0.733779 -0.418448
0.617789 0.711779 -0.403325
0.670844 0.690793 -0.387205
0.723419 0.67087 -0.37017
0.775501 0.652044 -0.352298
0.827083 0.63434 -0.333668
0.878169 0.617776 -0.314352
0.928766 0.602365 -0.294423
0.978884 0.588113 -0.273947
1.02854 0.575023 -0.252989
1.07774 0.563092 -0.231612
1.12652 0.552318 -0.209873
1.1749 0.542693 -0.187826
1.22289 0.534209 -0.165523
1.27053 0.526855 -0.143011
1.31785 0.520621 -0.120333
1.36488 0.515495 -0.097531
1.41164 0.511466 -0.0746415
1.45819 0.508524 -0.0516993
1.50456 0.506658 -0.0287367
1.55078 0.50586 -0.00578369
1.5969 0.506121 0.0171313
1.64297 0.507437 0.0399807
1.68901 0.509803 0.0627377
1.73508 0.513216 0.0853751
1.78122 0.517676 0.107865
1.82746 0.523183 0.13018
1.87385 0.529738 0.152288
1.92043 0.537343 0.174157
1.96722 0.546002 0.195753
2.01427 0.555718 0.217037
2.0616 0.566491 0.237971
2.10924 0.578325 0.258511
2.15723 0.591219 0.278612
2.20558 0.605171 0.298223
2.25431 0.620179 0.317295
2.30346 0.636237 0.335772
2.35303 0.653334 0.353599
2.40305 0.671459 0.370715
2.45353 0.690595 0.38706
2.50447 0.710722 0.402571
2.5559 0.731816 0.417184
2.60783 0.753847 0.430833
2.66025 0.776779 0.443452
2.71319 0.800574 0.454976
2.76663 0.825186 0.465338
2.8206 0.850563 0.474474
2.87509 0.876649 0.482318
2.9301 0.90338 0.488809
2.98563 0.930687 0.493888
3.04169 0.958494 0.497498
3.09826 0.986719 0.499585
3.15535 1.01528 0.500101
3.21294 1.04407 0.499002
3.27103 1.073 0.496251
3.32962 1.10197 0.491815
3.38868 1.13086 0.485671
3.44822 1.15957 0.4778
3.50821 1.18797 0.468194
3.56864 1.21595 0.456853
3.6295 1.24338 0.443786
3.69076 1.27014 0.429011
3.75241 1.2961 0.412557
3.81444 1.32115 0.394461
3.8768 1.34516 0.374773
3.9395 1.36802 0.35355
4.0025 1.3896 0.330861
4.06579 1.4098 0.306783
4.12933 1.4285 0.281404
4.19312 1.44562 0.254818
4.25711 1.46106 0.22713
4.3213 1.47473 0.198451
4.38566 1.48657 0.168898
4.45017 1.4965 0.138595
4.5148 1.50446 0.107672
4.57954 1.51043 0.0762594
4.64437 1.51434 0.0444951
4.70926 1.5162 0.0125173
4.77419 1.51597 -0.0195338
4.83915 1.51366 -0.0515174
4.90411 1.50928 -0.083293
4.96906 1.50284 -0.114721
5.03398 1.49438 -0.145664
5.09885 1.48394 -0.175987
5.16364 1.47157 -0.205559
5.22835 1.45733 -0.234253
5.29294 1.44128 -0.261948
5.35741 1.42352 -0.288527
5.42172 1.40413 -0.313882
5.48586 1.38321 -0.337911
5.54981 1.36086 -0.360521
5.61354 1.33719 -0.381626
5.67703 1.31231 -0.401151
5.74026 1.28636 -0.419028
5.8032 1.25945 -0.435203
5.86584 1.23171 -0.449629
5.92815 1.20327 -0.46227
5.99011 1.17427 -0.473101
6.0517 1.14483 -0.482108
6.11289 1.11508 -0.489286
6.17366 1.08515 -0.494641
6.23401 1.05517 -0.498188
6.2939 1.02526 -0.499951
6.35332 0.995524 -0.499962
6.41226 0.966082 -0.498263
6.4707 0.937037 -0.494901
6.52863 0.908487 -0.48993
6.58604 0.880524 -0.483409
6.64292 0.853232 -0.475403
6.69927 0.826688 -0.465981
6.75508 0.800964 -0.455214
6.81034 0.776121 -0.443176
6.86506 0.752216 -0.429943
6.91923 0.729297 -0.415592
6.97286 0.707406 -0.400201
7.02595 0.68658 -0.383846
7.0785 0.666847 -0.366604
7.13053 0.648231 -0.348551
7.18203 0.630751 -0.329759
7.23303 0.614419 -0.310302
7.28353 0.599244 -0.290247
7.33356 0.585231 -0.269662
7.38312 0.57238 -0.248609
7.43223 0.56069 -0.22715
7.48092 0.550155 -0.205341
7.52921 0.540767 -0.183236
7.57712 0.532518 -0.160885
7.62468 0.525398 -0.138334
7.67193 0.519394 -0.115626
7.7189 0.514497 -0.0928023
7.76561 0.510695 -0.0698986
7.81211 0.507976 -0.0469492
7.85844 0.506332 -0.0239857
7.90463 0.505753 -0.00103787
7.95073 0.506233 0.0218662
7.99678 0.507766 0.0446991
8.04282 0.510349 0.0674339
8.0889 0.513978 0.0900437
8.13505 0.518654 0.1125
8.18131 0.524377 0.134775
8.22773 0.531149 0.156837
8.27434 0.538971 0.178653
8.32118 0.547848 0.200189
8.36828 0.557781 0.221405
8.41566 0.568772 0.242262
8.46337 0.580824 0.262716
8.51142 0.593936 0.282721
8.55984 0.608106 0.302227
8.60866 0.623331 0.321182
8.65789 0.639603 0.339531
8.70754 0.656912 0.357217
8.75765 0.675246 0.374181
8.80821 0.694588 0.390361
8.85925 0.714916 0.405695
8.91078 0.736205 0.420116
8.9628 0.758424 0.433561
9.01532 0.781537 0.445963
9.06836 0.805504 0.457255
9.1219 0.830278 0.467373
9.17597 0.855806 0.47625
9.23056 0.88203 0.483824
9.28567 0.908885 0.490033
9.34131 0.936302 0.494817
9.39746 0.964203 0.498121
9.45414 0.992505 0.499892
9.51132 1.02112 0.500083
9.56901 1.04995 0.498651
9.6272 1.0789 0.495559
9.68588 1.10786 0.490778
9.74504 1.13673 0.484283
9.80466 1.16539 0.47606
9.86474 1.19371 0.466101
9.92525 1.22159 0.454409
9.98619 1.24889 0.440992
10.0475 1.27551 0.425873
10.1092 1.3013 0.409082
10.1713 1.32615 0.390658
10.2338 1.34994 0.370653
10.2965 1.37255 0.349126
10.3596 1.39386 0.326148
10.4229 1.41376 0.301798
10.4865 1.43216 0.276165
10.5503 1.44894 0.249346
10.6144 1.46403 0.221447
10.6786 1.47734 0.19258
10.743 1.4888 0.162864
10.8075 1.49834 0.132423
10.8721 1.5059 0.101388
10.9369 1.51145 0.0698913
11.0017 1.51496 0.0380706
11.0666 1.51639 0.00606454
11.1316 1.51575 -0.0259865
11.1965 1.51302 -0.0579417
11.2615 1.50822 -0.0896607
11.3264 1.50137 -0.121004
11.3913 1.49251 -0.151835
11.4562 1.48168 -0.18202
11.5209 1.46892 -0.211428
11.5856 1.45431 -0.239933
11.6502 1.43792 -0.267414
11.7146 1.41982 -0.293758
11.7789 1.40012 -0.318857
11.843 1.3789 -0.34261
11.9069 1.35627 -0.364927
11.9706 1.33234 -0.385722
12.034 1.30724 -0.404923
12.0972 1.28109 -0.422465
12.1601 1.254 -0.438294
12.2226 1.22611 -0.452367
12.2849 1.19754 -0.464648
12.3467 1.16844 -0.475117
12.4083 1.13893 -0.483759
12.4694 1.10913 -0.490572
12.53 1.07918 -0.495565
12.5903 1.0492 -0.498754
12.6501 1.01931 -0.500165
12.7094 0.989626 -0.499832
12.7682 0.960254 -0.497797
12.8266 0.931298 -0.49411
12.8844 0.902856 -0.488825
12.9417 0.875019 -0.482003
12.9985 0.847868 -0.47371
13.0547 0.821481 -0.464014
13.1104 0.795925 -0.452988
13.1656 0.771263 -0.440706
13.2202 0.747549 -0.427244
13.2742 0.72483 -0.41268
13.3277 0.703147 -0.39709
13.3807 0.682534 -0.380553
13.4331 0.66302 -0.363144
13.4851 0.644627 -0.344938
13.5365 0.627372 -0.326008
13.5874 0.611268 -0.306426
13.6378 0.596322 -0.286261
13.6877 0.582538 -0.265577
13.7371 0.569916 -0.244439
13.7862 0.558454 -0.222906
13.8348 0.548145 -0.201034
13.883 0.538983 -0.178876
13.9308 0.530957 -0.156481
13.9783 0.524057 -0.133895
14.0255 0.518272 -0.111161
14.0724 0.513591 -0.0883184
14.1191 0.510002 -0.0654027
14.1655 0.507495 -0.0424477
14.2118 0.506061 -0.0194846
14.258 0.50569 0.00345722
14.3041 0.506377 0.0263498
14.3501 0.508116 0.049166
14.3961 0.510904 0.0718789
14.4422 0.514738 0.0944613
14.4884 0.519619 0.116885
14.5347 0.525546 0.139121
14.5811 0.532523 0.161138
14.6278 0.540551 0.182903
14.6746 0.549633 0.20438
14.7218 0.559773 0.22553
14.7692 0.570971 0.246313
14.817 0.58323 0.266684
14.8651 0.596548 0.286596
14.9136 0.610924 0.306
14.9625 0.626353 0.324842
15.0118 0.642828 0.343068
15.0615 0.660338 0.360619
15.1117 0.67887 0.377437
15.1624 0.698405 0.393458
15.2135 0.718923 0.408621
15.2651 0.740395 0.422859
15.3172 0.762791 0.436107
15.3698 0.786074 0.4483
15.423 0.810202 0.459371
15.4766 0.835127 0.469255
15.5308 0.860795 0.477886
15.5855 0.887148 0.485201
15.6407 0.914119 0.49114
15.6964 0.941636 0.495643
15.7526 0.969622 0.498656
15.8094 0.997993 0.500126
15.8667 1.02666 0.500008
15.9245 1.05552 0.498259
15.9828 1.08449 0.494844
16.0415 1.11344 0.489734
16.1008 1.14228 0.482908
16.1605 1.17088 0.474351
16.2206 1.19913 0.464058
16.2812 1.22691 0.452033
16.3422 1.25409 0.438287
16.4036 1.28056 0.422843
16.4654 1.30618 0.405735
16.5276 1.33084 0.387002
16.5901 1.35441 0.366699
16.6529 1.37678 0.344887
16.716 1.39783 0.321638
16.7794 1.41746 0.297034
16.843 1.43556 0.271165
16.9069 1.45203 0.244129
16.9709 1.46678 0.216034
17.0352 1.47974 0.186994
17.0996 1.49084 0.157127
17.1641 1.5 0.126561
17.2288 1.50719 0.095425
17.2936 1.51235 0.063854
17.3584 1.51547 0.031985
17.4233 1.5165 -4.26679e-05
17.4882 1.51546 -0.0320885
17.5532 1.51234 -0.0640117
17.6181 1.50715 -0.0956721
17.6831 1.49992 -0.126931
17.748 1.49067 -0.157651
17.8128 1.47947 -0.1877
17.8775 1.46635 -0.216948
17.9422 1.4514 -0.245269
18.0067 1.43467 -0.272545
18.0711 1.41626 -0.298663
18.1354 1.39626 -0.323516
18.1994 1.37476 -0.347005
18.2633 1.35188 -0.36904
18.3269 1.32772 -0.389541
18.3903 1.30241 -0.408433
18.4534 1.27606 -0.425656
18.5162 1.24881 -0.441157
18.5787 1.22078 -0.454894
18.6409 1.19211 -0.466835
18.7027 1.16291 -0.476959
18.7641 1.13334 -0.485256
18.8251 1.1035 -0.491726
18.8857 1.07353 -0.496377
18.9459 1.04356 -0.499228
19.0056 1.0137 -0.500307
19.0648 0.984061 -0.49965
19.1236 0.954758 -0.4973
19.1818 0.92589 -0.493307
19.2395 0.897553 -0.487728
19.2967 0.869837 -0.480624
19.3534 0.842823 -0.472061
19.4095 0.816586 -0.462109
19.4651 0.791193 -0.450841
19.5201 0.766703 -0.438331
19.5746 0.743171 -0.424656
19.6286 0.720642 -0.409893
19.682 0.699156 -0.394119
19.7349 0.678746 -0.377412
19.7872 0.65944 -0.359847
19.839 0.641258 -0.341499
19.8903 0.624217 -0.322442
19.9411 0.608328 -0.302745
19.9914 0.593598 -0.282477
20.0413 0.580031 -0.261703
20.0906 0.567626 -0.240486
20.1396 0.556379 -0.218885
20.1881 0.546284 -0.196955
20.2362 0.537334 -0.174748
20.284 0.529518 -0.152314
20.3314 0.522826 -0.129697
20.3785 0.517247 -0.10694
20.4254 0.51277 -0.0840803
20.472 0.509382 -0.0611544
20.5184 0.507075 -0.0381952
20.5647 0.505838 -0.0152335
20.6108 0.505664 0.00770168
20.6569 0.506546 0.0305825
20.7029 0.508479 0.053382
20.7489 0.511461 0.0760733
20.795 0.515488 0.0986289
20.8412 0.520562 0.121021
20.8875 0.526683 0.143219
20.934 0.533853 0.165193
20.9807 0.542076 0.186908
21.0276 0.551353 0.208328
21.0748 0.561687 0.229414
21.1223 0.57308 0.250125
21.1701 0.585534 0.270416
21.2183 0.599047 0.29024
21.2668 0.613617 0.309545
21.3158 0.629239 0.328279
21.3652 0.645905 0.346386
21.415 0.663605 0.363809
21.4652 0.682322 0.380486
21.516 0.70204 0.396355
21.5672 0.722735 0.411354
21.6189 0.74438 0.425417
21.6711 0.766941 0.438479
21.7238 0.790383 0.450472
21.777 0.814661 0.461332
21.8307 0.839727 0.470992
21.885 0.865526 0.479389
21.9398 0.891998 0.486458
21.9951 0.919076 0.49214
22.0509 0.946686 0.496376
22.1072 0.97475 0.499112
22.1641 1.00318 0.500297
22.2215 1.03189 0.499885
22.2793 1.06079 0.497836
22.3377 1.08976 0.494116
22.3965 1.1187 0.488696
22.4559 1.1475 0.481556
22.5156 1.17605 0.472684
22.5759 1.20423 0.462076
22.6365 1.23191 0.449736
22.6976 1.25898 0.435681
22.7591 1.2853 0.419932
22.8209 1.31076 0.402525
22.8831 1.33523 0.383503
22.9457 1.3586 0.362921
23.0086 1.38074 0.340843
23.0717 1.40154 0.317341
23.1351 1.4209 0.2925
23.1988 1.43871 0.266411
23.2627 1.45488 0.239175
23.3268 1.46932 0.210899
23.3911 1.48195 0.181698
23.4555 1.4927 0.151694
23.5201 1.50152 0.121014
23.5847 1.50834 0.0897873
23.6495 1.51314 0.0581504
23.7144 1.51588 0.0262404
23.7793 1.51654 -0.00580311
23.8442 1.51513 -0.0378395
23.9091 1.51163 -0.069728
23.9741 1.50607 -0.101329
24.039 1.49848 -0.132503
24.1039 1.48888 -0.163115
24.1687 1.47733 -0.193031
24.2334 1.46388 -0.222124
24.2981 1.4486 -0.250269
24.3626 1.43156 -0.277348
24.4269 1.41286 -0.303248
24.4911 1.39258 -0.327866
24.5552 1.37083 -0.351103
24.619 1.34771 -0.372872
24.6825 1.32333 -0.393091
24.7459 1.29782 -0.411691
24.8089 1.2713 -0.428612
24.8717 1.2439 -0.443801
24.9341 1.21575 -0.457221
24.9962 1.18697 -0.46884
25.058 1.15769 -0.47864
25.1193 1.12806 -0.486612
25.1327 1.12151 -0.488118


